02
04
06
08
00
0A
00
00
0C
0E
10
00
00
00
12
14
16
00
18
00
00
1A
1C
00
1E
00
20
00
22
00
00
00
24
00
26
00
00
28
2A
00
00
2C
2E
00
00
00
30
32
00
34
36
38
00
3A
3C
3E
00
40
42
00
44
46
00
00
00
00
00
00
48
4A
00
4C
4E
00
50
00
00
00
52
54
56
58
5A
5C
00
5E
60
62
64
00
00
66
00
00
00
00
00
68
6A
6C
6E
00
70
72
74
00
00
76
00
00
78
7A
7C
00
7E
00
00
80
82
84
86
00
88
8A
00
8C
00
8E
00
90
00
92
94
00
96
00
00
00
00
00
00
00
98
00
00
9A
9C
00
00
9E
00
00
00
00
00
00
A0
A2
A4
00
A6
A8
AA
AC
AE
00
00
00
B0
00
B2
00
00
00
B4
00
B6
B8
00
BA
BC
00
BE
00
00
00
C0
00
00
00
00
00
00
00
00

