01
03
00
05
07
00
09
00
0B
0D
0F
00
11
00
13
00
00
00
15
00
17
00
00
00
19
00
1B
00
1D
1F
00
21
00
23
00
25
00
27
29
00
00
00
2B
2D
00
2F
00
31
33
35
00
00
37
00
39
00
00
3B
00
00
3D
00
3F
41
00
43
45
47
00
49
00
00
4B
00
4D
00
4F
00
51
53
00
00
55
57
00
59
5B
5D
00
00
5F
61
63
65
00
00
00
67
00
00
69
6B
00
00
00
6D
6F
00
00
00
00
71
00
00
73
00
75
77
79
7B
7D
7F
81
00
00
83
85
87
00
00
00
00
89
00
00
00
8B
8D
00
8F
91
00
00
93
95
00
00
00
97
00
99
00
9B
00
00
9D
00
9F
A1
A3
00
00
00
A5
00
A7
00
00
A9
AB
00
AD
00
AF
B1
00
B3
00
00
00
00
00
00
00
00
00
00
00
00
00
00
00
00
00
00

