01
00
03
05
07
00
00
00
09
0B
0D
0F
00
00
11
13
15
17
00
19
1B
00
1D
1F
21
00
00
23
00
00
25
00
00
27
00
00
29
00
2B
2D
00
00
2F
31
00
33
35
37
39
00
3B
00
3D
3F
41
43
00
00
00
00
00
00
00
45
00
00
00
00
47
00
49
00
4B
00
00
4D
00
4F
51
00
00
00
53
55
57
59
5B
5D
5F
61
63
00
65
67
00
00
69
00
6B
00
6D
6F
00
00
00
71
00
00
00
00
73
75
00
77
79
00
7B
00
7D
00
00
00
7F
00
81
83
00
85
87
89
8B
00
00
8D
00
00
00
8F
91
93
95
97
00
00
00
00
00
00
00
00
00
99
00
00
9B
00
9D
00
9F
A1
A3
A5
00
A7
00
A9
AB
00
00
AD
00
AF
00
B1
B3
00
00
B5
00
00
B7
00
00
B9
00
BB
00
00
00
00
00
00
00
00
00

