02
00
04
06
08
00
00
0A
00
0C
00
0E
10
12
14
16
18
1A
00
00
00
1C
1E
00
00
00
00
00
00
20
22
00
24
00
26
00
00
28
2A
00
2C
00
2E
30
32
34
00
00
36
00
00
38
3A
3C
3E
40
42
00
00
00
00
00
00
00
44
00
46
00
00
48
4A
00
4C
00
4E
00
50
00
52
54
56
00
58
00
00
5A
00
5C
5E
00
60
00
62
64
00
00
00
00
00
66
68
6A
00
00
00
00
6C
00
6E
00
70
00
72
00
74
76
78
7A
00
00
7C
00
7E
00
00
00
80
82
84
00
00
86
88
8A
00
8C
8E
00
00
90
00
92
00
00
00
94
96
00
00
98
9A
9C
00
00
9E
00
00
A0
00
A2
A4
00
A6
00
00
A8
AA
00
00
00
00
00
00
00
00
00
00
00
00
00
00
00
00
00
00
00
00
00
00
00
00
00
00
00
00

