01
00
03
00
05
07
00
00
09
0B
0D
00
0F
11
00
13
15
00
00
17
00
19
1B
1D
00
00
1F
21
00
00
00
23
00
25
27
00
00
00
00
29
2B
2D
00
00
00
2F
00
31
33
35
37
00
00
00
39
3B
00
3D
3F
41
00
00
00
43
45
00
47
00
49
00
4B
00
4D
4F
51
00
00
53
55
57
59
5B
5D
00
5F
61
63
65
00
00
67
00
69
00
6B
00
6D
00
6F
71
73
75
00
00
00
77
00
00
00
00
00
00
79
00
00
00
00
7B
00
7D
00
00
7F
00
00
81
83
85
87
00
89
8B
8D
8F
91
00
00
93
95
00
00
00
97
99
9B
9D
00
9F
A1
00
00
A3
A5
00
00
00
00
A7
00
00
A9
00
00
00
00
AB
00
AD
00
00
AF
B1
00
00
00
00
00
B3
00
B5
00
B7
00
00
B9
00
00
00
00
00
00
00
00
00
00

