02
00
04
06
08
00
00
00
0A
0C
0E
10
00
00
12
14
16
18
00
1A
1C
00
1E
20
22
00
00
24
00
00
26
00
00
28
00
00
2A
00
2C
2E
00
00
30
32
00
34
36
38
3A
00
3C
00
3E
40
42
44
00
00
00
00
00
00
00
46
00
00
00
00
48
00
4A
00
4C
00
00
4E
00
50
52
00
00
00
54
56
58
5A
5C
5E
60
62
64
00
66
68
00
00
6A
00
6C
00
6E
70
00
00
00
72
00
00
00
00
74
76
00
78
7A
00
7C
00
7E
00
00
00
80
00
82
84
00
86
88
8A
8C
00
00
8E
00
00
00
90
92
94
96
98
00
00
00
00
00
00
00
00
00
9A
00
00
9C
00
9E
00
A0
A2
A4
A6
00
A8
00
AA
AC
00
00
AE
00
B0
00
B2
B4
00
00
B6
00
00
B8
00
00
BA
00
BC
00
00
00
00
00
00
00
00
00

