01
03
00
05
07
00
09
0B
0D
00
0F
00
00
11
00
00
00
13
15
00
17
00
00
00
19
1B
00
00
1D
00
1F
21
00
23
00
25
00
27
00
29
00
2B
2D
00
2F
31
33
00
35
37
00
00
39
00
3B
00
3D
00
3F
00
41
00
43
00
00
45
00
47
49
4B
4D
00
00
4F
51
53
00
00
00
00
00
00
55
00
57
00
59
00
5B
5D
00
5F
00
61
00
00
63
65
00
67
69
6B
6D
6F
71
00
73
00
75
77
79
7B
7D
00
00
00
00
00
00
00
7F
00
81
00
83
00
00
85
00
87
89
00
8B
8D
00
00
00
8F
00
00
91
00
00
93
95
00
00
97
99
00
9B
00
00
00
00
9D
9F
A1
A3
00
A5
00
A7
A9
00
00
00
AB
AD
00
AF
00
B1
B3
00
00
00
B5
00
00
B7
00
00
B9
00
00
00
00
00
00
00
00
00
00
00

