01
03
05
07
00
00
09
00
0B
00
0D
00
0F
11
00
00
00
00
13
15
00
17
00
19
00
00
1B
00
1D
00
1F
21
23
25
27
29
2B
00
2D
2F
00
00
00
00
31
00
00
33
00
00
00
35
37
39
00
3B
00
3D
00
3F
41
43
45
00
00
47
00
49
00
4B
00
00
4D
00
00
4F
00
51
00
53
00
55
57
59
5B
00
00
00
5D
00
00
00
5F
61
00
00
63
65
00
00
00
67
69
00
00
6B
6D
6F
71
73
75
77
79
00
00
7B
00
7D
00
7F
00
81
83
00
00
00
00
85
00
00
87
00
89
00
00
00
00
8B
00
8D
00
8F
00
91
00
93
95
00
00
00
97
99
9B
9D
00
9F
A1
A3
00
00
A5
00
A7
00
00
A9
AB
00
AD
AF
B1
00
00
B3
B5
B7
00
00
00
00
00
00
00
00
00
00
00
00
00
00
00
00
00
00
00

