01
03
05
07
00
09
00
00
0B
0D
0F
00
00
00
11
13
15
00
17
00
00
19
1B
00
1D
00
1F
00
21
00
00
00
23
00
25
00
00
27
29
00
00
2B
2D
00
00
00
2F
31
00
33
35
37
00
39
3B
3D
00
3F
41
00
43
45
00
00
00
00
00
00
47
49
00
4B
4D
00
4F
00
00
00
51
53
55
57
59
5B
00
5D
5F
61
63
00
00
65
00
00
00
00
00
67
69
6B
6D
00
6F
71
73
00
00
75
00
00
77
79
7B
00
7D
00
00
7F
81
83
85
00
87
89
00
8B
00
8D
00
8F
00
91
93
00
95
00
00
00
00
00
00
00
97
00
00
99
9B
00
00
9D
00
00
00
00
00
00
9F
A1
A3
00
A5
A7
A9
AB
AD
00
00
00
AF
00
B1
00
00
00
B3
00
B5
B7
00
B9
BB
00
BD
00
00
00
BF
00
00
00
00
00
00
00
00

