02
04
06
08
00
00
00
0A
00
0C
0E
10
00
00
00
00
12
00
14
16
00
00
18
1A
1C
1E
20
22
24
26
00
00
00
00
00
28
00
00
00
2A
2C
00
2E
30
32
00
34
36
00
00
38
00
3A
00
00
3C
00
00
3E
40
00
00
00
42
00
00
44
46
00
48
4A
4C
4E
50
00
00
52
00
00
54
00
56
00
58
5A
5C
5E
00
60
00
62
00
00
64
66
68
00
6A
00
00
00
00
00
6C
00
6E
70
72
74
00
76
00
00
00
00
00
00
78
7A
00
7C
00
7E
80
00
82
84
00
86
88
8A
00
00
8C
00
8E
00
00
00
00
90
92
00
94
96
98
00
9A
00
9C
00
00
9E
00
00
00
00
00
A0
A2
A4
A6
00
A8
AA
AC
AE
00
00
B0
B2
00
00
00
00
B4
B6
B8
00
00
00
BA
00
00
BC
00
BE
00
00
00
00
00
00
00
00

