02
04
06
00
08
00
0A
00
0C
00
0E
10
12
00
14
16
00
00
00
00
18
1A
1C
00
00
1E
00
00
20
00
00
00
22
24
00
26
00
28
2A
00
2C
00
00
00
2E
30
32
34
00
00
36
38
00
00
3A
00
00
3C
3E
40
42
00
00
00
00
00
44
46
00
48
00
4A
00
4C
00
00
4E
00
50
00
52
54
56
58
00
5A
5C
5E
00
60
62
00
64
00
66
68
00
00
00
00
6A
00
6C
00
00
6E
00
00
70
72
00
00
00
00
74
00
76
78
7A
7C
7E
00
00
00
00
00
80
82
00
84
86
88
8A
00
00
00
00
00
8C
8E
90
92
94
96
98
00
00
00
00
00
00
9A
9C
9E
A0
00
A2
00
A4
00
00
00
A6
00
00
00
A8
AA
AC
AE
B0
00
00
00
00
B2
00
00
B4
B6
00
00
00
00
00
00
00
00
00
00
00
00
00
00
00

