02
00
04
06
08
00
00
00
0A
0C
00
0E
10
12
14
00
00
16
18
00
1A
00
1C
1E
20
22
00
00
24
26
28
2A
2C
2E
00
30
00
32
00
00
34
00
00
00
36
00
00
38
00
3A
3C
3E
00
40
00
00
00
42
00
44
00
00
00
46
48
00
4A
00
4C
4E
50
52
00
00
54
00
56
00
58
5A
5C
5E
00
00
60
62
00
00
00
64
00
00
66
68
00
6A
00
6C
6E
00
70
00
72
74
76
00
78
7A
00
00
00
00
7C
7E
00
80
82
00
00
00
00
84
86
00
00
88
00
00
00
8A
00
00
8C
00
8E
90
92
94
96
00
00
98
9A
00
00
00
9C
9E
00
A0
A2
00
A4
A6
A8
AA
AC
00
00
00
AE
00
00
00
00
00
00
00
B0
00
00
B2
00
00
00
00
00
00
00
00
00
00
00
00
00
00
00
00
00
00
00
00
00
00
00

