02
04
06
00
00
08
0A
00
00
00
0C
0E
10
00
00
00
12
14
16
00
00
00
18
1A
00
1C
1E
20
00
22
24
26
28
00
00
00
2A
2C
2E
00
00
30
32
00
34
36
00
38
00
00
3A
3C
3E
00
00
00
00
40
00
00
42
44
00
46
00
00
48
4A
4C
4E
50
52
00
54
56
00
58
5A
00
00
00
00
00
00
00
00
5C
00
5E
60
62
00
64
00
00
66
00
68
00
6A
6C
00
6E
00
70
00
72
74
00
76
00
78
7A
00
00
00
00
00
00
7C
00
00
00
7E
80
00
82
00
84
00
00
00
86
88
8A
00
00
8C
8E
90
92
94
96
00
98
00
9A
9C
00
00
00
9E
A0
00
A2
00
00
00
00
A4
00
00
A6
A8
AA
00
00
00
00
AC
AE
00
B0
B2
B4
00
00
B6
00
00
00
00
00
00
00
00
00
00
00
00
00
00
00
00
00

