01
00
03
00
05
07
00
09
0B
00
00
0D
00
0F
00
00
11
00
13
15
17
00
00
00
19
00
1B
00
1D
1F
00
21
00
00
23
25
27
29
00
00
2B
2D
00
00
2F
31
33
00
00
00
00
35
37
39
00
3B
3D
00
00
00
00
3F
00
41
43
45
00
00
00
47
00
49
4B
4D
00
4F
00
51
00
00
00
00
53
55
57
00
59
5B
00
00
5D
00
00
5F
61
63
00
65
00
67
69
6B
00
6D
00
00
6F
00
00
71
73
00
00
75
00
00
77
79
7B
00
7D
7F
00
00
81
83
00
00
85
87
89
00
00
00
00
8B
00
00
8D
8F
00
00
91
93
00
00
95
97
99
00
9B
00
9D
00
00
9F
A1
00
00
00
00
00
A3
A5
A7
A9
00
00
AB
00
00
00
AD
00
AF
00
B1
B3
00
B5
00
B7
B9
00
00
00
BB
00
00
00
00
00
00
00
00

