01
03
05
00
07
00
09
0B
0D
00
00
0F
11
00
13
15
00
00
00
17
19
1B
00
00
00
1D
1F
00
00
21
00
00
23
00
00
00
25
27
00
29
2B
2D
00
2F
31
33
00
00
00
35
37
00
00
39
00
00
3B
3D
00
00
3F
41
00
43
45
00
00
00
47
49
4B
00
00
00
4D
4F
51
53
00
00
00
00
55
00
57
59
5B
5D
5F
61
00
63
65
00
67
69
6B
6D
00
00
00
6F
00
71
00
73
00
00
00
75
00
00
77
00
00
00
79
00
00
7B
7D
00
00
00
00
00
7F
00
81
83
85
00
87
89
00
00
8B
8D
00
8F
00
91
93
00
00
95
97
99
00
9B
00
00
9D
9F
00
00
00
A1
A3
00
A5
A7
A9
00
00
00
00
00
00
AB
AD
AF
00
00
00
B1
B3
B5
00
00
00
00
00
00
00
00
00
00
00
00
00
00
00
00
00

