02
04
06
08
00
0A
0C
00
0E
00
00
00
00
00
10
12
00
14
00
16
18
00
1A
00
1C
00
00
00
1E
20
22
00
00
00
24
26
28
00
00
2A
2C
2E
00
30
32
34
00
36
00
38
3A
00
00
3C
00
00
00
3E
40
00
00
42
00
00
00
44
46
48
00
00
4A
4C
4E
50
52
54
00
00
56
58
00
00
5A
00
5C
00
00
00
00
5E
60
62
64
00
00
66
68
00
00
6A
00
6C
00
00
00
00
00
6E
70
00
72
74
76
00
00
00
78
7A
7C
00
7E
00
00
80
00
82
84
86
88
00
00
00
8A
8C
8E
00
00
00
00
00
90
92
94
96
98
9A
9C
00
9E
00
A0
A2
00
A4
A6
00
A8
00
00
00
00
AA
00
00
00
00
00
00
AC
00
00
AE
B0
00
B2
00
B4
00
00
00
00
00
00
00
00
00
00
00
00
00
00
00
00
00
00

