02
04
06
08
00
0A
0C
0E
00
00
00
10
12
14
00
16
18
00
00
00
00
00
00
1A
1C
1E
20
22
24
00
00
00
00
00
26
00
00
00
28
2A
2C
00
00
2E
30
32
34
36
00
00
00
00
38
3A
3C
3E
40
42
44
46
48
4A
4C
00
00
00
00
4E
50
52
00
54
00
00
00
00
00
56
58
5A
5C
00
5E
60
62
00
00
64
66
68
00
00
00
00
00
6A
6C
6E
70
00
72
00
00
00
74
00
76
00
00
78
7A
7C
7E
80
00
00
00
82
84
86
88
8A
00
00
00
8C
8E
00
00
00
00
00
00
00
90
00
00
00
00
92
00
94
96
00
00
98
00
00
9A
9C
9E
00
A0
00
A2
00
A4
A6
A8
AA
AC
00
00
00
AE
00
00
B0
B2
B4
00
00
00
00
B6
00
00
B8
00
00
00
00
00
BA
00
00
00
00
00
00
00
00
00
00
00

