01
03
05
00
00
00
07
09
00
00
0B
0D
0F
11
13
15
00
00
17
19
1B
1D
00
00
1F
21
00
23
25
00
00
00
00
00
00
27
00
29
00
2B
2D
2F
31
33
00
00
00
00
35
00
00
00
00
00
37
39
3B
3D
3F
00
41
00
00
00
00
43
45
00
00
47
49
00
00
4B
4D
4F
00
00
00
51
53
55
57
00
00
59
00
5B
00
5D
00
5F
61
63
65
67
00
00
00
00
69
00
6B
6D
00
6F
00
71
73
75
00
00
00
00
00
77
00
79
7B
00
7D
7F
00
81
83
00
00
00
85
87
89
8B
00
00
00
8D
8F
91
93
00
95
97
99
00
00
9B
00
9D
9F
00
00
00
A1
00
00
A3
00
A5
A7
00
A9
00
00
00
00
AB
AD
AF
00
00
B1
B3
00
B5
B7
B9
00
00
00
00
00
00
00
00
00
00
00
00
00
00
00
00
00
00
00

