01
03
05
07
00
00
09
0B
00
0D
0F
00
00
11
13
15
17
00
19
00
1B
00
00
1D
1F
21
23
00
00
00
25
27
29
2B
2D
2F
31
00
33
00
00
00
35
37
00
00
39
3B
3D
00
3F
00
00
41
43
45
00
47
00
49
4B
00
4D
4F
00
00
00
00
51
00
53
55
57
59
5B
00
5D
00
00
5F
61
00
63
65
67
00
69
00
00
00
6B
6D
6F
00
00
71
00
00
00
00
73
00
00
00
75
00
00
77
00
79
00
00
00
00
00
00
7B
00
00
7D
7F
00
00
00
81
83
00
85
00
00
87
89
8B
00
8D
00
00
8F
00
91
00
93
95
00
00
00
00
97
99
9B
9D
9F
A1
00
00
A3
A5
A7
00
A9
AB
00
AD
AF
B1
00
00
00
00
B3
00
00
B5
00
00
00
00
00
00
00
00
00
00
00
00
00
00
00
00
00
00
00
00
00
00

