01
03
05
07
09
0B
0D
0F
11
00
00
13
00
00
15
17
19
1B
00
1D
00
00
1F
00
21
00
23
25
27
29
2B
00
2D
00
2F
00
31
00
33
35
00
37
00
00
00
39
3B
3D
00
3F
00
00
41
43
00
00
45
00
47
00
49
4B
4D
00
4F
00
00
00
00
00
00
51
00
00
53
00
00
00
55
00
00
00
00
57
59
5B
5D
00
5F
61
63
65
00
67
69
00
6B
00
00
6D
6F
00
00
71
00
73
00
00
00
75
77
79
7B
7D
00
00
7F
00
81
00
83
85
87
00
89
00
00
00
00
00
00
00
00
8B
00
8D
8F
91
93
00
00
95
97
00
99
00
9B
9D
9F
00
00
00
00
00
00
A1
A3
A5
00
00
00
00
00
A7
A9
00
00
00
00
AB
AD
00
00
AF
00
00
B1
00
00
00
00
00
00
00
00
00
00
00
00
00
00
00
00
00
00

