01
03
05
07
09
00
0B
0D
00
0F
00
11
00
00
00
00
00
13
15
17
00
19
1B
00
00
1D
1F
21
23
00
25
00
27
29
2B
00
2D
2F
00
00
00
00
31
00
00
33
00
00
00
00
35
37
39
3B
3D
00
00
3F
41
43
45
47
00
49
00
00
4B
4D
00
4F
00
00
00
00
51
53
55
57
00
59
00
00
00
00
00
5B
5D
5F
61
00
63
65
67
69
6B
6D
00
00
00
00
00
00
6F
00
00
00
00
00
71
00
73
75
77
00
00
79
7B
00
00
7D
7F
00
00
00
81
00
83
85
87
89
8B
00
00
00
8D
8F
91
93
00
95
97
00
00
00
99
00
9B
9D
9F
A1
00
A3
00
A5
A7
00
A9
00
00
00
AB
00
00
00
AD
AF
00
00
00
00
00
00
B1
00
00
00
00
00
00
00
00
00
00
00
00
00
00
00
00
00
00
00
00
00
00

