02
04
06
00
08
00
00
00
0A
0C
0E
00
10
12
14
00
00
00
00
00
16
18
1A
00
00
1C
1E
20
00
22
24
26
00
00
00
28
00
00
2A
2C
2E
00
00
30
00
32
00
00
34
36
00
00
38
3A
3C
00
3E
00
40
00
42
44
00
00
00
00
46
00
48
4A
4C
4E
00
00
00
00
50
52
54
56
58
00
00
5A
5C
00
00
5E
60
00
00
00
00
62
64
66
00
68
6A
00
00
6C
6E
00
00
70
72
74
00
00
76
78
7A
7C
7E
80
82
84
00
86
00
88
00
8A
8C
8E
90
00
92
00
94
96
00
98
9A
00
00
00
9C
9E
A0
A2
A4
00
A6
A8
00
00
00
AA
00
00
00
00
AC
00
00
00
00
00
00
AE
B0
00
B2
B4
00
00
00
00
00
00
00
B6
00
00
00
00
00
00
00
B8
BA
00
00
00
00
00
00
00
00
00
00
00
00

