02
04
06
00
08
00
00
0A
0C
00
0E
00
10
00
00
00
12
00
14
00
16
00
18
1A
1C
1E
00
00
20
00
00
22
24
26
28
00
00
2A
2C
2E
30
32
00
00
34
00
36
38
00
00
3A
00
3C
00
00
00
3E
00
40
42
44
46
48
00
4A
4C
00
00
4E
50
52
00
54
00
00
00
00
00
00
00
56
00
00
58
5A
00
00
5C
5E
00
60
00
00
62
64
66
00
68
00
00
6A
6C
00
00
00
00
00
6E
70
00
00
00
72
74
76
00
78
7A
7C
00
7E
80
00
00
82
00
00
84
86
88
00
00
8A
00
8C
8E
90
00
92
94
96
98
00
9A
9C
00
00
9E
00
A0
A2
A4
A6
00
00
00
00
A8
AA
00
AC
AE
00
00
00
B0
00
00
00
B2
00
00
00
B4
00
B6
00
00
B8
BA
00
00
00
BC
00
00
BE
00
00
00
00
00
00
00
00

