01
00
03
05
07
00
00
00
09
0B
00
0D
0F
11
13
00
00
15
17
00
19
00
1B
1D
1F
21
00
00
23
25
27
29
2B
2D
00
2F
00
31
00
00
33
00
00
00
35
00
00
37
00
39
3B
3D
00
3F
00
00
00
41
00
43
00
00
00
45
47
00
49
00
4B
4D
4F
51
00
00
53
00
55
00
57
59
5B
5D
00
00
5F
61
00
00
00
63
00
00
65
67
00
69
00
6B
6D
00
6F
00
71
73
75
00
77
79
00
00
00
00
7B
7D
00
7F
81
00
00
00
00
83
85
00
00
87
00
00
00
89
00
00
8B
00
8D
8F
91
93
95
00
00
97
99
00
00
00
9B
9D
00
9F
A1
00
A3
A5
A7
A9
AB
00
00
00
AD
00
00
00
00
00
00
00
AF
00
00
B1
00
00
00
00
00
00
00
00
00
00
00
00
00
00
00
00
00
00
00
00
00
00
00

