01
00
03
05
07
00
00
00
09
00
0B
00
0D
0F
11
13
15
00
00
17
19
00
00
1B
00
00
00
1D
00
00
1F
21
23
25
27
29
00
00
00
2B
2D
00
2F
31
00
33
35
00
37
39
00
00
3B
00
3D
00
00
00
00
00
00
00
3F
41
00
43
00
00
45
47
49
00
4B
4D
4F
51
53
55
00
00
57
59
00
00
00
00
00
5B
5D
00
5F
61
00
63
00
00
00
65
00
67
00
00
00
00
69
6B
6D
6F
71
73
00
00
00
75
77
79
00
7B
00
7D
00
00
7F
00
00
00
81
83
85
00
00
00
87
00
00
89
8B
8D
8F
00
00
00
00
91
00
93
95
00
97
99
00
9B
9D
00
00
00
00
00
9F
A1
A3
A5
00
A7
A9
00
00
AB
00
00
00
AD
AF
B1
B3
00
00
B5
00
00
00
00
B7
B9
00
00
00
00
00
00
00
00
00
00
00

