02
00
04
00
06
08
0A
0C
00
00
0E
00
10
00
12
00
14
00
16
00
00
18
1A
00
00
1C
1E
00
00
00
20
22
00
24
00
26
28
2A
2C
00
00
00
00
00
2E
00
30
32
34
00
36
38
3A
00
00
3C
00
00
00
00
3E
40
00
42
44
46
48
00
00
4A
00
4C
4E
50
52
00
00
00
54
00
00
00
00
56
58
00
5A
00
5C
00
00
5E
60
62
00
00
00
64
66
68
6A
6C
6E
00
00
00
70
00
72
74
76
78
00
00
7A
00
00
7C
7E
80
00
00
00
82
84
00
86
88
00
8A
8C
8E
90
92
00
94
00
96
98
00
00
00
00
9A
9C
9E
00
00
A0
A2
00
00
A4
A6
00
00
A8
00
AA
AC
00
AE
00
00
00
B0
00
00
00
00
00
B2
00
B4
B6
B8
BA
BC
00
BE
00
C0
00
00
00
00
00
00
00
00
00
00
00
00
00

