02
04
06
00
08
00
00
00
0A
0C
00
00
0E
00
10
12
00
14
00
16
18
00
1A
00
1C
1E
20
22
00
00
00
24
26
28
2A
2C
2E
30
00
32
00
00
34
00
36
00
00
38
00
00
3A
00
3C
00
00
3E
40
42
44
46
48
00
4A
00
00
4C
00
00
00
4E
00
00
00
50
52
54
00
00
56
00
00
00
00
58
00
5A
5C
5E
00
00
00
00
00
60
62
64
00
00
66
00
68
6A
6C
00
00
6E
00
70
72
74
00
00
76
00
00
00
00
00
78
7A
7C
00
00
7E
80
00
82
00
00
84
00
86
00
88
00
8A
8C
8E
90
92
94
96
98
00
00
00
00
9A
00
9C
9E
00
A0
00
00
A2
A4
00
A6
A8
00
00
AA
00
AC
AE
B0
00
00
00
00
00
B2
00
00
00
B4
00
B6
00
00
B8
BA
BC
00
00
00
00
00
00
00
00
00
00
00

