02
04
06
08
00
0A
00
0C
0E
00
10
12
00
00
00
14
16
18
00
1A
00
1C
1E
00
00
20
00
22
24
00
26
00
00
00
28
2A
2C
2E
30
00
00
32
34
00
00
36
00
38
3A
00
3C
00
3E
40
42
00
44
00
46
00
00
00
00
48
4A
4C
4E
00
00
00
50
00
52
00
54
56
00
58
5A
00
5C
5E
60
62
00
64
66
68
00
00
6A
6C
6E
70
72
00
74
00
00
00
00
00
00
76
00
78
7A
00
00
7C
7E
00
80
00
82
00
84
86
00
88
00
00
00
8A
00
00
00
00
00
8C
8E
00
90
00
92
94
96
00
00
98
9A
9C
00
00
00
9E
00
A0
A2
00
00
A4
00
A6
00
00
00
00
00
00
00
A8
00
AA
AC
00
00
00
00
AE
00
00
00
B0
00
B2
00
B4
00
00
00
00
00
00
00
00
00
00
00
00
00
00
00
00
00

