01
00
03
05
07
00
00
09
00
0B
00
0D
0F
11
13
15
17
19
00
00
00
1B
1D
00
00
00
00
00
00
1F
21
00
23
00
25
00
00
27
29
00
2B
00
2D
2F
31
33
00
00
35
00
00
37
39
3B
3D
3F
41
00
00
00
00
00
00
00
43
00
45
00
00
47
49
00
4B
00
4D
00
4F
00
51
53
55
00
57
00
00
59
00
5B
5D
00
5F
00
61
63
00
00
00
00
00
65
67
69
00
00
00
00
6B
00
6D
00
6F
00
71
00
73
75
77
79
00
00
7B
00
7D
00
00
00
7F
81
83
00
00
85
87
89
00
8B
8D
00
00
8F
00
91
00
00
00
93
95
00
00
97
99
9B
00
00
9D
00
00
9F
00
A1
A3
00
A5
00
00
A7
A9
00
00
00
00
00
00
00
00
00
00
00
00
00
00
00
00
00
00
00
00
00
00
00
00
00
00
00
00

