02
00
04
06
08
00
0A
00
0C
00
00
0E
10
12
14
00
00
00
00
00
16
00
18
1A
00
1C
00
00
1E
20
22
24
00
26
00
28
2A
00
00
2C
00
00
2E
30
00
00
00
00
32
00
34
00
36
00
38
3A
00
3C
3E
40
00
00
42
00
00
44
46
00
00
00
48
00
4A
4C
4E
50
00
52
00
54
56
58
5A
5C
00
00
5E
00
60
62
64
00
66
68
00
6A
00
00
00
00
6C
6E
70
72
00
00
00
74
00
76
00
00
78
00
7A
7C
7E
80
82
00
84
00
00
00
00
00
86
88
00
8A
8C
00
00
8E
00
00
00
00
00
00
90
92
94
96
00
00
00
00
98
00
9A
9C
9E
00
00
00
00
A0
A2
A4
A6
00
A8
00
00
AA
AC
00
00
AE
00
00
B0
00
00
00
B2
00
00
00
00
00
00
00
00
00
00
00
00
00
00
00
00
00
00

