02
04
00
06
08
00
0A
00
0C
0E
00
00
10
00
12
14
00
00
16
18
00
00
1A
00
00
00
1C
1E
00
00
20
22
24
26
28
2A
00
00
2C
00
00
2E
00
00
30
32
00
34
36
38
3A
3C
00
00
3E
40
00
42
44
00
00
00
00
46
48
00
00
00
4A
4C
4E
50
00
52
00
54
56
00
58
00
00
5A
00
00
00
5C
00
00
5E
00
60
00
00
00
62
00
64
00
00
66
68
6A
00
6C
6E
00
00
70
00
00
72
74
00
00
00
76
00
78
00
7A
7C
00
7E
80
82
00
84
00
00
86
00
00
88
8A
8C
8E
00
90
00
00
00
00
00
92
00
94
00
96
00
00
98
9A
00
00
9C
00
9E
A0
A2
A4
00
00
00
A6
A8
AA
AC
00
AE
B0
00
00
B2
00
00
00
00
B4
00
00
00
00
00
00
00
00
00
00
00
00
00
00
00
00
00

