02
00
04
00
06
00
08
0A
00
0C
0E
00
00
10
00
00
12
14
16
00
00
00
18
1A
00
1C
00
1E
20
00
22
00
24
26
00
00
28
00
2A
2C
00
00
2E
00
30
32
00
34
36
38
00
3A
00
3C
00
3E
40
00
42
00
44
00
46
00
00
00
48
4A
00
00
00
00
00
00
4C
4E
00
50
52
54
56
00
00
00
58
5A
5C
00
5E
60
00
62
64
00
66
68
00
00
00
6A
6C
6E
00
00
00
00
70
00
72
00
74
00
00
76
00
78
00
7A
7C
00
7E
00
80
00
82
00
00
84
86
88
00
00
8A
8C
8E
00
00
90
92
00
00
00
94
96
00
00
00
98
9A
00
00
9C
00
00
00
9E
00
A0
A2
00
A4
00
A6
A8
00
00
AA
AC
AE
00
00
00
00
00
B0
00
B2
B4
00
00
B6
B8
BA
00
00
00
00
00
00
00
00
00
00
00
00

