02
00
04
00
06
08
0A
00
00
0C
0E
10
00
00
00
12
00
14
16
00
00
18
00
1A
00
00
1C
1E
20
22
00
00
24
00
00
26
28
2A
00
00
2C
2E
00
00
00
30
32
00
34
00
00
36
38
3A
3C
3E
00
00
00
40
42
00
00
00
44
00
00
46
48
4A
00
00
4C
00
00
00
4E
00
50
52
00
00
54
56
00
58
00
5A
5C
5E
00
60
00
00
62
64
00
00
66
68
6A
00
00
6C
00
6E
00
00
70
72
74
00
00
00
00
76
00
78
00
7A
7C
7E
80
00
82
00
00
00
00
84
86
00
00
88
8A
8C
00
00
00
8E
90
92
94
96
98
00
9A
9C
00
9E
00
00
00
00
A0
00
00
00
00
A2
A4
A6
A8
00
AA
00
00
AC
AE
00
00
00
00
B0
00
00
B2
00
B4
00
B6
B8
00
00
00
00
00
00
00
00
00
00
00
00
00

