02
00
04
06
08
0A
00
00
0C
00
0E
00
10
12
14
00
16
18
00
1A
00
1C
1E
00
20
22
24
00
26
28
00
00
2A
00
00
2C
2E
30
00
00
32
34
36
38
3A
00
3C
00
00
3E
00
00
00
00
40
00
42
00
00
00
44
46
48
00
4A
4C
00
00
4E
50
52
00
00
00
54
56
00
00
58
5A
00
00
5C
00
5E
00
60
00
00
00
00
62
64
00
66
00
68
6A
00
6C
00
6E
70
72
00
00
74
00
00
00
76
78
00
7A
00
00
00
00
00
7C
00
7E
00
00
80
82
00
00
84
00
86
00
00
00
88
8A
8C
00
00
8E
00
00
90
92
94
96
00
98
9A
00
9C
9E
00
00
A0
00
00
00
00
A2
A4
A6
A8
00
AA
00
00
00
00
AC
AE
00
B0
00
B2
B4
00
B6
00
B8
00
BA
00
BC
00
00
00
00
BE
00
00
00
00
00
00

