02
00
04
00
06
00
08
00
0A
0C
0E
00
10
12
00
00
00
14
00
16
00
18
00
1A
00
1C
1E
00
00
00
20
22
00
24
00
26
28
00
2A
00
2C
00
00
2E
00
30
00
00
32
34
00
36
38
00
3A
3C
3E
40
00
42
00
44
00
46
48
4A
00
4C
00
00
00
00
00
4E
00
00
50
52
54
00
00
56
58
5A
00
5C
00
5E
60
00
00
00
62
64
00
66
68
00
00
6A
6C
00
6E
00
70
00
72
00
00
00
74
76
00
00
00
00
78
7A
00
00
00
00
7C
00
7E
00
80
82
84
86
88
8A
8C
00
8E
90
00
00
00
92
94
96
00
00
00
00
00
98
9A
00
00
9C
9E
A0
A2
00
00
A4
A6
00
00
00
00
A8
00
00
AA
00
AC
AE
B0
B2
00
00
B4
00
00
00
00
00
00
00
00
00
00
00
00
00
00
00
00
00
00
00
00

