02
04
06
00
08
00
0A
0C
0E
10
12
00
14
00
16
00
00
00
00
00
00
00
18
00
1A
1C
00
1E
00
20
22
24
00
00
26
00
00
28
2A
00
00
2C
2E
30
00
00
32
00
34
36
38
00
00
00
00
00
3A
3C
3E
00
40
00
42
00
44
46
48
00
00
4A
00
4C
00
00
00
00
4E
00
50
52
54
56
00
58
00
00
5A
5C
00
00
00
5E
00
60
62
64
00
66
68
6A
00
6C
00
6E
70
72
00
74
00
76
00
00
00
00
00
00
78
00
00
00
7A
7C
00
00
7E
00
80
82
84
00
00
86
00
88
8A
8C
00
8E
00
90
92
00
00
94
96
00
00
98
9A
00
00
00
00
9C
9E
00
A0
A2
A4
A6
00
A8
00
00
AA
00
00
00
AC
AE
00
00
B0
00
00
B2
00
B4
00
00
B6
00
00
00
00
00
00
00
00
00
00
00
00
00
00

