02
00
04
06
08
00
0A
0C
0E
10
00
12
00
00
14
00
00
16
00
00
00
00
18
00
1A
1C
00
1E
20
22
24
26
00
00
28
2A
2C
00
00
00
00
00
00
2E
30
32
00
00
34
36
38
00
00
00
3A
00
3C
00
3E
40
00
42
44
46
48
4A
00
00
00
4C
4E
00
00
50
00
00
52
00
00
00
54
56
00
00
58
00
5A
00
5C
00
5E
00
60
00
00
62
00
64
00
66
00
00
68
6A
6C
00
00
00
6E
00
70
72
00
74
00
76
78
7A
7C
7E
00
80
82
00
84
86
00
88
00
8A
00
00
00
8C
00
00
00
00
8E
90
92
00
00
94
96
00
98
00
00
9A
9C
9E
00
00
00
00
A0
00
A2
A4
00
00
00
A6
00
A8
00
AA
AC
AE
00
00
00
00
00
00
00
00
00
00
00
00
00
00
00
00
00
00
00
00
00
00
00
00
00

