02
04
06
00
08
00
00
0A
0C
00
0E
00
00
00
10
12
00
00
14
16
18
00
00
1A
1C
1E
20
00
22
24
00
26
00
28
00
00
00
2A
00
2C
00
00
2E
00
30
32
34
00
00
00
00
00
36
00
38
3A
3C
3E
00
40
00
42
00
00
00
44
46
48
00
4A
00
00
4C
4E
50
00
00
52
54
00
00
00
00
00
56
58
5A
00
5C
5E
00
60
00
62
00
64
00
66
68
6A
6C
6E
00
70
72
74
76
78
7A
00
7C
00
7E
00
00
80
00
82
84
86
00
00
00
00
00
88
8A
8C
00
00
8E
90
92
00
00
00
00
94
96
00
00
98
9A
9C
9E
A0
00
00
A2
00
00
00
00
00
00
A4
00
A6
A8
00
00
AA
AC
AE
00
B0
00
00
00
00
00
B2
B4
00
00
00
00
B6
00
00
B8
BA
00
00
00
00
00
00
00
00
00
00
00
00
00

