02
00
04
00
06
08
00
0A
0C
0E
10
00
12
00
00
00
14
16
00
00
18
1A
1C
1E
20
00
00
22
00
24
00
00
26
00
28
2A
00
2C
2E
00
30
00
32
00
34
00
36
38
00
3A
00
00
3C
00
00
3E
40
00
00
00
42
00
00
00
44
00
46
00
00
48
4A
4C
00
00
4E
00
50
00
52
00
54
56
58
00
00
00
5A
5C
5E
00
00
00
60
00
62
00
00
64
00
66
68
6A
6C
00
00
6E
70
00
00
00
00
00
72
74
00
76
78
00
00
00
7A
7C
00
7E
80
82
84
86
88
00
8A
00
00
00
00
8C
00
00
00
00
8E
90
92
94
96
98
00
00
00
9A
00
9C
9E
00
A0
00
A2
A4
00
A6
00
A8
00
00
00
00
AA
00
AC
AE
00
00
B0
B2
00
B4
00
B6
00
00
00
00
00
00
00
00
00
00
00
00
00
00
00
00
00

