02
04
06
08
00
0A
00
0C
00
0E
00
00
10
12
14
16
00
00
00
00
00
00
18
1A
00
00
1C
1E
00
00
20
22
24
00
26
28
2A
2C
00
2E
00
30
00
00
00
32
34
00
00
36
38
3A
00
3C
00
00
00
00
3E
00
40
42
44
00
46
48
00
00
4A
00
4C
4E
50
00
00
00
52
00
00
00
00
54
00
00
56
58
5A
00
5C
00
5E
60
00
00
00
62
64
00
66
00
68
6A
00
6C
6E
00
00
00
00
00
70
00
72
74
76
00
00
78
00
7A
00
7C
7E
00
80
82
84
00
00
86
88
8A
8C
00
00
00
8E
90
92
94
00
00
00
00
00
00
00
96
00
98
00
9A
9C
00
9E
A0
00
00
A2
A4
00
00
A6
00
00
00
00
00
00
00
00
00
00
00
00
00
00
00
00
00
00
00
00
00
00
00
00
00
00
00
00
00
00
00
00

