02
04
06
08
0A
00
0C
0E
00
10
00
12
00
00
00
00
00
14
16
18
00
1A
1C
00
00
1E
20
22
24
00
26
00
28
2A
2C
00
2E
30
00
00
00
00
32
00
00
34
00
00
00
00
36
38
3A
3C
3E
00
00
40
42
44
46
48
00
4A
00
00
4C
4E
00
50
00
00
00
00
52
54
56
58
00
5A
00
00
00
00
00
5C
5E
60
62
00
64
66
68
6A
6C
6E
00
00
00
00
00
00
70
00
00
00
00
00
72
00
74
76
78
00
00
7A
7C
00
00
7E
80
00
00
00
82
00
84
86
88
8A
8C
00
00
00
8E
90
92
94
00
96
98
00
00
00
9A
00
9C
9E
A0
A2
00
A4
00
A6
A8
00
AA
00
00
00
AC
00
00
00
AE
B0
00
00
00
00
00
00
B2
00
00
00
00
00
00
00
00
00
00
00
00
00
00
00
00
00
00
00
00
00
00

