01
00
03
00
05
07
00
09
0B
0D
0F
00
11
00
00
00
13
15
00
00
17
19
1B
1D
1F
00
00
21
00
23
00
00
25
00
27
29
00
2B
2D
00
2F
00
31
00
33
00
35
37
00
39
00
00
3B
00
00
3D
3F
00
00
00
41
00
00
00
43
00
45
00
00
47
49
4B
00
00
4D
00
4F
00
51
00
53
55
57
00
00
00
59
5B
5D
00
00
00
5F
00
61
00
00
63
00
65
67
69
6B
00
00
6D
6F
00
00
00
00
00
71
73
00
75
77
00
00
00
79
7B
00
7D
7F
81
83
85
87
00
89
00
00
00
00
8B
00
00
00
00
8D
8F
91
93
95
97
00
00
00
99
00
9B
9D
00
9F
00
A1
A3
00
A5
00
A7
00
00
00
00
A9
00
AB
AD
00
00
AF
B1
00
B3
00
B5
00
00
00
00
00
00
00
00
00
00
00
00
00
00
00
00
00

