01
03
05
00
07
00
00
00
09
0B
0D
00
0F
11
13
00
00
00
00
00
15
17
19
00
00
1B
1D
1F
00
21
23
25
00
00
00
27
00
00
29
2B
2D
00
00
2F
00
31
00
00
33
35
00
00
37
39
3B
00
3D
00
3F
00
41
43
00
00
00
00
45
00
47
49
4B
4D
00
00
00
00
4F
51
53
55
57
00
00
59
5B
00
00
5D
5F
00
00
00
00
61
63
65
00
67
69
00
00
6B
6D
00
00
6F
71
73
00
00
75
77
79
7B
7D
7F
81
83
00
85
00
87
00
89
8B
8D
8F
00
91
00
93
95
00
97
99
00
00
00
9B
9D
9F
A1
A3
00
A5
A7
00
00
00
A9
00
00
00
00
AB
00
00
00
00
00
00
AD
AF
00
B1
B3
00
00
00
00
00
00
00
B5
00
00
00
00
00
00
00
B7
B9
00
00
00
00
00
00
00
00
00
00
00
00

