01
03
05
07
00
09
00
0B
0D
00
0F
11
00
00
00
13
15
17
00
19
00
1B
1D
00
00
1F
00
21
23
00
25
00
00
00
27
29
2B
2D
2F
00
00
31
33
00
00
35
00
37
39
00
3B
00
3D
3F
41
00
43
00
45
00
00
00
00
47
49
4B
4D
00
00
00
4F
00
51
00
53
55
00
57
59
00
5B
5D
5F
61
00
63
65
67
00
00
69
6B
6D
6F
71
00
73
00
00
00
00
00
00
75
00
77
79
00
00
7B
7D
00
7F
00
81
00
83
85
00
87
00
00
00
89
00
00
00
00
00
8B
8D
00
8F
00
91
93
95
00
00
97
99
9B
00
00
00
9D
00
9F
A1
00
00
A3
00
A5
00
00
00
00
00
00
00
A7
00
A9
AB
00
00
00
00
AD
00
00
00
AF
00
B1
00
B3
00
00
00
00
00
00
00
00
00
00
00
00
00
00
00
00
00

