02
00
04
00
06
08
00
00
0A
00
0C
0E
10
12
00
00
14
00
16
00
18
00
00
1A
1C
00
00
1E
00
00
20
00
22
00
24
00
26
00
28
00
2A
2C
2E
30
00
32
00
00
00
34
36
38
3A
3C
00
3E
00
00
00
40
42
44
46
48
00
4A
00
4C
00
4E
00
50
00
00
00
00
52
54
56
58
00
00
5A
5C
5E
00
60
00
00
00
62
64
00
66
68
6A
6C
6E
00
70
72
00
74
76
78
00
00
00
00
00
7A
00
00
00
7C
00
00
7E
00
80
82
00
00
84
86
88
00
00
00
8A
00
8C
8E
90
92
94
96
00
98
9A
9C
00
00
00
00
9E
A0
A2
00
A4
00
00
00
00
A6
00
A8
00
00
AA
00
AC
00
00
00
00
00
00
00
00
00
AE
00
00
B0
00
B2
00
B4
00
B6
00
B8
00
BA
00
00
00
00
00
00
00
00
00
00

