01
00
03
05
07
09
00
00
0B
0D
00
0F
00
00
00
11
00
00
13
00
15
17
19
00
00
00
1B
1D
1F
21
00
00
23
25
00
00
27
29
00
00
2B
00
00
2D
00
00
2F
00
31
33
00
35
37
00
00
00
39
00
3B
3D
00
3F
41
43
45
00
00
47
49
4B
4D
00
00
00
00
4F
00
51
53
55
57
59
00
5B
5D
5F
00
61
63
00
00
65
00
00
67
00
00
69
00
00
00
00
6B
6D
6F
00
00
71
00
00
00
73
75
00
00
77
00
00
79
7B
00
7D
00
00
7F
81
83
85
00
00
00
00
87
00
00
00
89
8B
8D
8F
00
91
93
00
95
97
99
00
9B
9D
9F
00
00
00
A1
A3
A5
00
A7
00
00
00
00
A9
00
AB
00
00
00
00
AD
AF
B1
B3
00
00
B5
B7
00
00
00
00
B9
00
00
00
00
00
00
00
00
00
00
00
00

