02
00
04
06
08
00
0A
0C
00
0E
00
10
12
00
14
00
16
18
00
1A
00
00
1C
00
00
1E
20
22
00
24
00
26
28
00
2A
00
00
00
00
00
2C
00
2E
00
00
00
30
00
32
34
36
38
00
00
3A
3C
00
00
3E
00
00
40
42
44
00
00
46
48
00
00
00
4A
00
4C
4E
00
00
00
50
52
54
56
58
5A
5C
5E
00
60
00
62
00
64
00
00
00
66
00
00
00
68
00
6A
00
00
6C
00
00
6E
70
72
00
74
00
00
76
78
7A
00
7C
7E
00
00
00
80
82
00
00
00
00
84
00
86
00
00
88
8A
8C
00
8E
90
92
00
94
00
00
00
96
98
9A
9C
00
00
00
9E
00
A0
00
A2
00
00
00
00
A4
00
00
00
00
00
00
00
00
00
00
00
00
00
00
00
00
00
00
00
00
00
00
00
00
00
00
00
00
00
00
00
00

