01
03
00
05
07
09
00
0B
00
0D
0F
00
11
13
00
15
17
19
00
00
1B
1D
00
00
1F
21
00
00
23
00
00
25
00
00
00
27
00
29
00
2B
00
2D
00
00
2F
00
31
33
35
00
37
00
00
00
00
00
39
00
3B
3D
00
3F
41
43
00
00
45
47
49
4B
4D
4F
51
00
00
00
00
53
55
00
57
59
5B
00
00
5D
00
00
00
5F
00
00
00
61
00
00
63
65
67
69
00
6B
00
6D
00
6F
71
73
00
00
00
00
00
75
00
77
00
00
00
79
7B
7D
00
7F
00
00
81
83
00
85
87
89
8B
00
8D
00
8F
00
91
00
93
00
00
00
00
00
95
97
00
99
00
9B
00
9D
00
9F
A1
A3
00
00
00
00
00
A5
A7
A9
00
00
00
AB
00
AD
AF
00
00
00
00
00
00
00
00
00
00
00
00
00
00
00
00
00
00
00
00
00
00

