01
03
05
07
09
0B
0D
00
0F
00
11
00
00
13
15
00
17
00
19
00
1B
1D
1F
21
23
00
25
00
00
27
29
2B
2D
00
2F
31
33
00
35
00
00
00
00
37
39
3B
00
3D
00
3F
41
00
43
00
00
00
00
00
45
47
00
49
00
00
00
4B
00
00
00
00
00
00
00
00
4D
4F
00
00
00
00
51
00
53
55
57
59
5B
00
5D
00
00
5F
61
00
63
00
00
65
00
67
69
6B
00
6D
00
6F
71
00
73
75
00
77
79
00
7B
00
00
7D
7F
00
81
00
00
83
85
00
87
89
8B
00
8D
00
00
8F
91
93
00
00
00
95
97
99
00
00
00
00
00
00
9B
9D
9F
00
A1
A3
A5
00
00
A7
00
00
00
A9
AB
00
AD
00
00
AF
00
B1
00
B3
00
00
00
00
B5
00
00
B7
B9
00
00
BB
BD
BF
00
00
00
00
00
00
00
00
00

