01
03
05
00
07
00
09
00
0B
00
0D
0F
11
00
13
15
00
00
00
00
17
19
1B
00
00
1D
00
00
1F
00
00
00
21
23
00
25
00
27
29
00
2B
00
00
00
2D
2F
31
33
00
00
35
37
00
00
39
00
00
3B
3D
3F
41
00
00
00
00
00
43
45
00
47
00
49
00
4B
00
00
4D
00
4F
00
51
53
55
57
00
59
5B
5D
00
5F
61
00
63
00
65
67
00
00
00
00
69
00
6B
00
00
6D
00
00
6F
71
00
00
00
00
73
00
75
77
79
7B
7D
00
00
00
00
00
7F
81
00
83
85
87
89
00
00
00
00
00
8B
8D
8F
91
93
95
97
00
00
00
00
00
00
99
9B
9D
9F
00
A1
00
A3
00
00
00
A5
00
00
00
A7
A9
AB
AD
AF
00
00
00
00
B1
00
00
B3
B5
00
00
00
00
00
00
00
00
00
00
00
00
00
00
00

