01
03
00
05
07
09
0B
00
0D
0F
00
00
11
13
00
00
15
17
00
19
00
00
1B
00
00
1D
1F
21
23
25
00
00
27
00
00
00
29
00
2B
2D
00
00
00
00
2F
00
31
00
33
35
00
37
00
00
39
00
3B
3D
3F
00
41
00
43
00
45
00
47
49
00
00
4B
00
4D
4F
51
00
00
53
00
00
00
00
55
00
00
00
57
00
59
00
5B
00
5D
5F
00
61
00
63
65
00
67
69
6B
6D
00
6F
00
00
00
00
00
71
00
73
00
00
75
77
79
00
00
7B
7D
7F
00
81
00
00
83
85
87
00
89
00
8B
00
8D
00
8F
00
00
00
00
00
91
93
95
97
99
00
00
9B
00
9D
00
9F
A1
00
00
A3
00
00
00
A5
00
A7
00
A9
00
00
00
00
00
00
00
00
00
00
00
00
00
00
00
00
00
00
00
00
00
00
00
00
00
00
00

