02
00
04
06
00
08
00
0A
00
0C
00
00
0E
00
10
00
12
00
14
16
00
18
1A
1C
00
1E
20
22
00
24
00
26
28
00
00
00
00
00
2A
00
2C
00
2E
00
30
00
32
34
36
38
00
3A
00
00
3C
00
3E
40
42
00
44
00
46
48
00
00
00
4A
4C
00
4E
00
50
52
00
00
00
54
00
56
58
5A
5C
00
5E
60
62
00
00
00
00
64
00
66
00
00
68
00
00
00
6A
00
00
6C
00
6E
00
70
00
72
00
74
00
76
00
78
7A
7C
00
00
00
00
00
7E
80
82
00
84
00
86
00
00
00
88
00
8A
00
8C
00
8E
90
92
00
00
00
94
96
98
00
9A
9C
00
00
9E
A0
00
A2
A4
00
A6
00
00
00
A8
AA
00
00
AC
00
00
00
AE
B0
00
B2
00
00
00
00
00
00
00
00
00
00
00
00
00
00
00
00
00
00
00
00

