02
04
00
06
00
00
08
0A
0C
00
0E
10
12
00
14
00
00
16
00
18
1A
00
1C
00
00
00
1E
20
22
00
24
00
26
00
00
28
2A
00
2C
2E
00
30
00
00
32
00
00
34
00
00
36
38
00
3A
3C
3E
00
00
40
00
42
44
46
00
00
00
48
00
4A
4C
00
4E
00
00
50
52
00
54
00
00
00
00
56
58
5A
5C
00
5E
00
00
00
60
00
62
64
66
68
00
00
6A
00
00
00
00
6C
6E
70
72
00
74
00
00
76
78
00
7A
7C
00
00
7E
00
00
80
00
00
82
00
00
00
84
00
86
88
8A
00
8C
00
8E
90
92
94
96
98
00
00
9A
9C
00
00
9E
A0
00
A2
A4
A6
00
A8
AA
AC
00
00
00
00
00
00
00
00
00
00
00
AE
00
B0
00
B2
00
B4
00
00
00
00
00
00
00
00
00
00
00
00
00
00
00
00
00
00

