01
03
05
07
00
09
0B
0D
00
00
00
0F
11
13
00
15
17
00
00
00
00
00
00
19
1B
1D
1F
21
23
00
00
00
00
00
25
00
00
00
27
29
2B
00
00
2D
2F
31
33
35
00
00
00
00
37
39
3B
3D
3F
41
43
45
47
49
4B
00
00
00
00
4D
4F
51
00
53
00
00
00
00
00
55
57
59
5B
00
5D
5F
61
00
00
63
65
67
00
00
00
00
00
69
6B
6D
6F
00
71
00
00
00
73
00
75
00
00
77
79
7B
7D
7F
00
00
00
81
83
85
87
89
00
00
00
8B
8D
00
00
00
00
00
00
00
8F
00
00
00
00
91
00
93
95
00
00
97
00
00
99
9B
9D
00
9F
00
A1
00
A3
A5
A7
A9
AB
00
00
00
AD
00
00
AF
B1
B3
00
00
00
00
B5
00
00
B7
00
00
00
00
00
B9
00
00
00
00
00
00
00
00
00
00
00

