01
03
05
00
07
00
00
09
0B
0D
00
0F
00
00
11
13
00
15
17
19
1B
1D
00
1F
21
00
23
25
27
29
00
2B
2D
2F
31
33
00
35
37
39
3B
3D
00
3F
00
00
00
41
00
43
00
45
47
00
00
00
00
00
49
00
4B
00
00
00
00
00
00
00
00
00
4D
4F
51
53
00
00
55
57
59
00
00
00
5B
5D
5F
00
61
00
00
00
63
00
00
65
00
67
69
6B
6D
00
00
6F
71
00
73
00
75
00
00
00
77
79
00
7B
00
00
00
7D
7F
81
83
85
87
89
00
00
00
8B
8D
8F
00
91
00
93
95
97
00
00
99
00
00
00
9B
00
9D
00
9F
00
00
00
A1
00
00
00
A3
00
A5
A7
00
A9
00
AB
AD
00
AF
00
00
00
00
00
00
B1
00
B3
00
B5
00
00
B7
B9
00
00
00
00
00
00
00
00
00
00
00
00
00
00
00

