01
00
03
00
05
00
07
09
00
0B
0D
00
00
00
0F
00
11
13
00
15
00
17
00
19
1B
1D
1F
00
00
21
00
00
23
25
00
27
29
00
00
00
00
00
2B
2D
00
00
2F
31
00
33
35
37
00
00
39
3B
3D
3F
41
43
45
00
00
00
47
00
49
00
00
00
00
00
4B
4D
00
4F
00
51
00
00
00
53
00
55
57
00
59
5B
5D
00
00
5F
00
00
00
61
00
00
63
65
67
69
00
00
6B
00
6D
6F
71
00
00
00
00
73
00
00
75
77
00
79
7B
7D
00
00
7F
00
00
81
83
00
85
87
89
00
00
00
00
8B
8D
8F
91
00
93
00
00
00
00
95
97
99
9B
00
9D
00
00
00
9F
A1
00
00
A3
A5
A7
A9
AB
AD
AF
B1
00
00
B3
00
00
00
B5
00
B7
00
00
00
B9
00
00
00
00
BB
BD
00
00
00
00
00
00
00
00

