01
03
05
07
09
0B
0D
0F
11
00
13
15
17
19
1B
1D
1F
21
23
25
00
00
00
27
29
2B
2D
2F
00
00
31
33
35
37
39
00
00
00
00
00
00
00
00
00
00
3B
3D
00
3F
41
43
45
47
49
4B
4D
4F
51
53
00
55
57
00
00
59
5B
00
5D
5F
00
61
63
65
67
69
6B
6D
00
6F
71
00
73
00
75
00
00
00
00
77
00
79
00
00
00
00
00
00
00
00
7B
7D
7F
81
00
00
83
00
85
87
89
8B
8D
8F
91
93
00
00
00
00
95
97
99
9B
00
00
00
00
00
00
9D
9F
00
00
00
00
A1
00
00
A3
00
A5
00
A7
00
00
00
00
00
00
00
00
00
A9
00
00
00
AB
00
00
AD
00
AF
00
00
00
B1
00
00
00
00
00
00
00
00
00
00
00
B3
00
00
00
00
00
00
00
00
00
00
00
00
00
00
00
00
00

