02
04
00
00
06
00
08
00
0A
0C
00
0E
10
12
14
00
00
00
00
00
16
18
1A
1C
00
00
1E
00
20
22
24
26
00
00
00
00
28
00
2A
00
2C
00
2E
30
32
34
00
36
00
38
3A
00
3C
00
00
00
3E
00
00
40
00
00
42
00
00
44
00
46
00
48
00
4A
4C
4E
00
00
00
00
50
52
54
56
00
58
00
00
5A
00
5C
5E
00
60
62
64
66
00
68
00
6A
6C
6E
70
72
74
00
00
76
00
00
00
00
78
00
7A
7C
00
00
7E
80
00
00
82
00
00
00
84
00
00
00
00
86
88
00
8A
00
8C
00
8E
90
92
00
94
96
00
00
00
00
98
00
00
00
9A
9C
00
00
00
9E
A0
A2
00
A4
00
A6
00
00
00
00
00
00
00
00
00
00
00
00
00
00
00
00
00
00
00
00
00
00
00
00
00
00
00
00
00
00
00
00

