01
03
05
00
07
00
09
0B
0D
0F
11
00
13
00
15
00
00
00
00
00
00
00
17
00
19
1B
00
1D
00
1F
21
23
00
00
25
00
00
27
29
00
00
2B
2D
2F
00
00
31
00
33
35
37
00
00
00
00
00
39
3B
3D
00
3F
00
41
00
43
45
47
00
00
49
00
4B
00
00
00
00
4D
00
4F
51
53
55
00
57
00
00
59
5B
00
00
00
5D
00
5F
61
63
00
65
67
69
00
6B
00
6D
6F
71
00
73
00
75
00
00
00
00
00
00
77
00
00
00
79
7B
00
00
7D
00
7F
81
83
00
00
85
00
87
89
8B
00
8D
00
8F
91
00
00
93
95
00
00
97
99
00
00
00
00
9B
9D
00
9F
A1
A3
A5
00
A7
00
00
A9
00
00
00
AB
AD
00
00
AF
00
00
B1
00
B3
00
00
B5
00
00
00
00
00
00
00
00
00
00
00
00
00
00

