01
03
05
07
09
0B
0D
0F
11
13
15
17
19
1B
1D
1F
21
23
25
27
00
00
29
00
2B
00
00
00
2D
2F
31
33
35
37
39
00
00
00
00
00
3B
3D
00
3F
00
41
43
45
47
49
4B
4D
00
00
4F
51
00
53
00
55
57
00
00
00
59
5B
5D
00
5F
00
61
00
00
63
65
00
67
00
69
6B
6D
00
00
6F
71
00
00
00
00
73
00
00
00
75
00
00
00
77
00
79
7B
00
00
7D
00
7F
00
81
83
00
85
00
00
87
89
00
00
8B
8D
00
00
8F
91
00
00
93
00
95
00
97
99
9B
00
9D
00
00
00
9F
A1
00
00
A3
A5
00
00
00
00
00
00
00
00
A7
00
00
A9
AB
00
AD
00
AF
00
B1
00
B3
B5
00
00
B7
00
00
00
00
00
00
00
00
00
00
B9
BB
00
00
BD
00
00
00
00
00
00
00
00
00
00
00
00

