01
00
03
00
05
07
00
00
09
00
0B
0D
0F
11
00
00
13
00
15
00
17
00
00
19
1B
00
00
1D
00
00
1F
00
21
00
23
00
25
00
27
00
29
2B
2D
2F
00
31
00
00
00
33
35
37
39
3B
00
3D
00
00
00
3F
41
43
45
47
00
49
00
4B
00
4D
00
4F
00
00
00
00
51
53
55
57
00
00
59
5B
5D
00
5F
00
00
00
61
63
00
65
67
69
6B
6D
00
6F
71
00
73
75
77
00
00
00
00
00
79
00
00
00
7B
00
00
7D
00
7F
81
00
00
83
85
87
00
00
00
89
00
8B
8D
8F
91
93
95
00
97
99
9B
00
00
00
00
9D
9F
A1
00
A3
00
00
00
00
A5
00
A7
00
00
A9
00
AB
00
00
00
00
00
00
00
00
00
AD
00
00
AF
00
B1
00
B3
00
B5
00
B7
00
B9
00
00
00
00
00
00
00
00
00
00

