02
04
06
00
08
0A
00
0C
00
00
0E
00
10
12
14
16
18
00
00
00
00
00
00
00
1A
00
1C
00
1E
20
00
00
22
00
24
00
26
28
2A
2C
00
00
2E
30
32
00
00
00
00
00
34
36
00
00
38
3A
3C
3E
40
00
00
42
00
00
00
00
44
46
48
00
00
4A
4C
4E
00
50
00
52
00
54
00
56
58
5A
00
00
00
00
00
00
5C
5E
60
62
64
66
68
00
00
00
6A
6C
00
00
6E
00
00
00
70
72
74
00
76
00
00
78
00
00
00
7A
7C
7E
00
80
00
00
00
00
82
00
84
86
88
8A
8C
00
8E
00
00
00
00
90
92
00
00
94
96
00
98
9A
00
9C
00
00
00
9E
A0
00
00
00
A2
00
A4
00
A6
00
00
00
00
00
00
00
00
00
00
00
00
00
00
00
00
00
00
00
00
00
00
00
00
00
00
00
00
00
00

