01
03
00
05
07
09
0B
00
0D
00
0F
00
11
00
13
15
17
00
00
00
19
1B
00
1D
00
00
00
1F
00
00
21
00
23
25
27
29
00
2B
00
00
2D
2F
31
33
00
00
35
00
37
39
00
00
3B
00
3D
00
00
00
00
00
3F
00
41
43
45
00
47
49
00
00
4B
4D
4F
00
00
00
51
00
00
53
55
57
00
00
00
59
5B
5D
5F
61
00
63
00
65
00
00
00
67
00
69
6B
6D
00
00
00
00
6F
00
00
71
00
00
73
75
77
79
7B
00
00
7D
7F
00
00
00
81
00
00
00
00
83
00
00
85
00
87
89
8B
00
00
00
8D
00
8F
91
93
95
97
00
00
99
00
00
00
9B
00
9D
00
9F
00
A1
00
00
A3
A5
A7
A9
00
00
00
AB
00
00
00
00
00
00
00
00
00
00
00
00
00
00
00
00
00
00
00
00
00
00
00
00
00

