02
04
06
00
00
00
08
0A
00
00
0C
0E
10
12
14
16
00
00
18
1A
1C
1E
00
00
20
22
00
24
26
00
00
00
00
00
00
28
00
2A
00
2C
2E
30
32
34
00
00
00
00
36
00
00
00
00
00
38
3A
3C
3E
40
00
42
00
00
00
00
44
46
00
00
48
4A
00
00
4C
4E
50
00
00
00
52
54
56
58
00
00
5A
00
5C
00
5E
00
60
62
64
66
68
00
00
00
00
6A
00
6C
6E
00
70
00
72
74
76
00
00
00
00
00
78
00
7A
7C
00
7E
80
00
82
84
00
00
00
86
88
8A
8C
00
00
00
8E
90
92
94
00
96
98
9A
00
00
9C
00
9E
A0
00
00
00
A2
00
00
A4
00
A6
A8
00
AA
00
00
00
00
AC
AE
B0
00
00
B2
B4
00
B6
B8
BA
00
00
00
00
00
00
00
00
00
00
00
00
00
00
00
00
00
00
00

