02
00
04
06
08
00
00
0A
0C
00
00
00
0E
10
00
12
00
00
14
00
16
00
18
00
1A
1C
1E
20
00
00
22
00
24
00
26
28
00
2A
2C
00
2E
30
00
00
32
00
34
00
00
36
38
00
3A
3C
3E
00
40
00
42
00
44
00
46
48
00
00
4A
00
00
00
4C
4E
00
50
52
54
00
00
56
00
58
00
5A
00
5C
00
00
00
5E
00
00
60
62
00
64
00
00
00
00
00
66
00
68
6A
00
6C
00
00
6E
00
70
00
72
74
76
00
00
00
78
7A
00
7C
00
7E
00
80
00
82
84
86
00
00
00
88
8A
8C
00
8E
00
00
00
90
92
00
94
00
96
00
98
9A
9C
9E
A0
A2
00
A4
00
00
00
A6
A8
AA
00
00
00
AC
00
00
00
00
AE
B0
00
00
00
00
00
00
00
00
00
00
00
00
00
00
00
00
00
00
00
00
00
00
00

