01
03
00
00
05
00
07
09
0B
0D
0F
00
11
13
00
00
00
00
15
00
00
17
19
1B
00
1D
00
00
00
1F
00
21
23
25
27
00
29
2B
00
2D
2F
00
00
00
00
00
00
31
33
00
35
37
00
39
3B
3D
00
3F
00
00
00
41
43
00
45
47
49
4B
00
4D
4F
00
00
51
00
53
55
00
00
57
00
59
5B
00
5D
5F
00
00
00
00
00
00
00
00
61
63
65
00
00
67
69
00
6B
6D
6F
00
71
00
73
75
00
77
00
79
00
00
00
00
7B
00
00
7D
7F
81
00
83
00
85
00
87
89
8B
8D
00
8F
00
00
00
91
00
00
93
95
00
00
97
00
99
00
9B
9D
9F
00
A1
00
A3
00
00
A5
A7
00
A9
AB
00
00
00
00
00
AD
AF
B1
B3
00
00
00
00
B5
B7
B9
00
00
BB
00
00
00
00
BD
00
00
00
00
00
00
00
00

