02
04
06
08
00
00
0A
0C
00
0E
10
00
00
12
14
16
18
00
1A
00
1C
00
00
1E
20
22
24
00
00
00
26
28
2A
2C
2E
30
32
00
34
00
00
00
36
38
00
00
3A
3C
3E
00
40
00
00
42
44
46
00
48
00
4A
4C
00
4E
50
00
00
00
00
52
00
54
56
58
5A
5C
00
5E
00
00
60
62
00
64
66
68
00
6A
00
00
00
6C
6E
70
00
00
72
00
00
00
00
74
00
00
00
76
00
00
78
00
7A
00
00
00
00
00
00
7C
00
00
7E
80
00
00
00
82
84
00
86
00
00
88
8A
8C
00
8E
00
00
90
00
92
00
94
96
00
00
00
00
98
9A
9C
9E
A0
A2
00
00
A4
A6
A8
00
AA
AC
00
AE
B0
B2
00
00
00
00
B4
00
00
B6
00
00
00
00
00
00
00
00
00
00
00
00
00
00
00
00
00
00
00
00
00
00

