01
03
05
07
00
09
00
0B
00
0D
00
00
0F
11
13
15
00
00
00
00
00
00
17
19
00
00
1B
1D
00
00
1F
21
23
00
25
27
29
2B
00
2D
00
2F
00
00
00
31
33
00
00
35
37
39
00
3B
00
00
00
00
3D
00
3F
41
43
00
45
47
00
00
49
00
4B
4D
4F
00
00
00
51
00
00
00
00
53
00
00
55
57
59
00
5B
00
5D
5F
00
00
00
61
63
00
65
00
67
69
00
6B
6D
00
00
00
00
00
6F
00
71
73
75
00
00
77
00
79
00
7B
7D
00
7F
81
83
00
00
85
87
89
8B
00
00
00
8D
8F
91
93
00
00
00
00
00
00
00
95
00
97
00
99
9B
00
9D
9F
00
00
A1
A3
00
00
A5
00
00
00
00
00
00
00
00
00
00
00
00
00
00
00
00
00
00
00
00
00
00
00
00
00
00
00
00
00
00
00
00

