01
03
05
00
07
00
00
09
0B
00
0D
00
00
00
0F
11
00
00
13
15
17
00
00
19
1B
1D
1F
00
21
23
00
25
00
27
00
00
00
29
00
2B
00
00
2D
00
2F
31
33
00
00
00
00
00
35
00
37
39
3B
3D
00
3F
00
41
00
00
00
43
45
47
00
49
00
00
4B
4D
4F
00
00
51
53
00
00
00
00
00
55
57
59
00
5B
5D
00
5F
00
61
00
63
00
65
67
69
6B
6D
00
6F
71
73
75
77
79
00
7B
00
7D
00
00
7F
00
81
83
85
00
00
00
00
00
87
89
8B
00
00
8D
8F
91
00
00
00
00
93
95
00
00
97
99
9B
9D
9F
00
00
A1
00
00
00
00
00
00
A3
00
A5
A7
00
00
A9
AB
AD
00
AF
00
00
00
00
00
B1
B3
00
00
00
00
B5
00
00
B7
B9
00
00
00
00
00
00
00
00
00
00
00
00
00

