02
00
04
06
08
0A
00
00
0C
0E
00
10
00
00
00
12
00
00
14
00
16
18
1A
00
00
00
1C
1E
20
22
00
00
24
26
00
00
28
2A
00
00
2C
00
00
2E
00
00
30
00
32
34
00
36
38
00
00
00
3A
00
3C
3E
00
40
42
44
46
00
00
48
4A
4C
4E
00
00
00
00
50
00
52
54
56
58
5A
00
5C
5E
60
00
62
64
00
00
66
00
00
68
00
00
6A
00
00
00
00
6C
6E
70
00
00
72
00
00
00
74
76
00
00
78
00
00
7A
7C
00
7E
00
00
80
82
84
86
00
00
00
00
88
00
00
00
8A
8C
8E
90
00
92
94
00
96
98
9A
00
9C
9E
A0
00
00
00
A2
A4
A6
00
A8
00
00
00
00
AA
00
AC
00
00
00
00
AE
B0
B2
B4
00
00
B6
B8
00
00
00
00
BA
00
00
00
00
00
00
00
00
00
00
00
00

