02
00
04
00
06
08
0A
0C
00
0E
00
10
12
00
14
16
00
18
1A
00
00
00
00
1C
00
1E
00
00
00
20
22
00
24
26
28
00
00
00
00
2A
00
2C
2E
30
00
00
32
00
34
00
36
00
38
3A
3C
00
00
3E
40
00
00
42
00
00
44
46
00
48
4A
4C
4E
00
50
00
00
52
54
00
56
58
00
5A
00
00
5C
5E
00
60
00
62
64
00
66
00
68
6A
00
00
00
6C
6E
00
70
72
74
00
00
76
00
78
00
00
7A
00
00
7C
7E
80
00
00
00
82
84
00
00
86
00
88
00
8A
8C
00
8E
90
92
00
00
00
00
00
00
94
96
00
98
9A
9C
9E
A0
00
00
00
A2
00
00
00
00
A4
A6
A8
00
00
00
AA
AC
00
AE
00
B0
00
00
B2
00
B4
B6
00
B8
00
00
00
00
00
BA
00
00
00
BC
00
00
00
00
00
00
00
00

