02
04
06
08
0A
0C
0E
00
10
00
12
00
00
14
16
00
18
00
1A
00
1C
1E
20
22
24
00
26
00
00
28
2A
2C
2E
00
30
32
34
00
36
00
00
00
00
38
3A
3C
00
3E
00
40
42
00
44
00
00
00
00
00
46
48
00
4A
00
00
00
4C
00
00
00
00
00
00
00
00
4E
50
00
00
00
00
52
00
54
56
58
5A
5C
00
5E
00
00
60
62
00
64
00
00
66
00
68
6A
6C
00
6E
00
70
72
00
74
76
00
78
7A
00
7C
00
00
7E
80
00
82
00
00
84
86
00
88
8A
8C
00
8E
00
00
90
92
94
00
00
00
96
98
9A
00
00
00
00
00
00
9C
9E
A0
00
A2
A4
A6
00
00
A8
00
00
00
AA
AC
00
AE
00
00
B0
00
B2
00
B4
00
00
00
00
B6
00
00
B8
BA
00
00
BC
BE
C0
00
00
00
00
00
00
00
00
00

