01
00
03
05
07
00
09
0B
00
0D
00
0F
11
00
13
00
15
17
00
19
00
00
1B
00
00
1D
1F
21
00
23
00
25
27
00
29
00
00
00
00
00
2B
00
2D
00
00
00
2F
00
31
33
35
37
00
00
39
3B
00
00
3D
00
00
3F
41
43
00
00
45
47
00
00
00
49
00
4B
4D
00
00
00
4F
51
53
55
57
59
5B
5D
00
5F
00
61
00
63
00
00
00
65
00
00
00
67
00
69
00
00
6B
00
00
6D
6F
71
00
73
00
00
75
77
79
00
7B
7D
00
00
00
7F
81
00
00
00
00
83
00
85
00
00
87
89
8B
00
8D
8F
91
00
93
00
00
00
95
97
99
9B
00
00
00
9D
00
9F
00
A1
00
00
00
00
A3
00
00
00
00
00
00
00
00
00
00
00
00
00
00
00
00
00
00
00
00
00
00
00
00
00
00
00
00
00
00
00
00

