02
00
04
00
06
00
08
0A
00
0C
0E
00
00
10
12
00
14
16
00
00
00
18
1A
1C
00
00
00
1E
20
00
00
22
24
00
26
00
28
2A
00
2C
2E
30
00
00
32
00
00
34
00
00
36
38
3A
00
3C
3E
00
40
42
44
46
00
00
00
48
00
4A
00
00
4C
00
00
00
00
4E
50
52
54
00
56
00
00
58
5A
00
5C
00
00
00
5E
00
60
00
62
64
66
68
6A
00
00
00
00
00
00
6C
00
00
00
6E
70
72
00
00
00
74
00
76
00
78
7A
7C
7E
00
80
00
82
84
00
86
88
00
8A
00
00
8C
00
00
8E
90
00
00
92
94
96
00
98
9A
9C
00
00
9E
A0
A2
00
00
A4
A6
00
A8
AA
AC
00
00
AE
00
B0
00
00
B2
00
00
00
00
B4
B6
00
B8
00
BA
BC
00
00
00
00
BE
00
00
00
00
00
00
00
00
00
00

