01
00
03
00
05
07
09
0B
00
0D
00
0F
11
00
13
15
00
17
19
00
00
00
00
1B
00
1D
00
00
00
1F
21
00
23
25
27
00
00
00
00
29
00
2B
2D
2F
00
00
31
00
33
00
35
00
37
39
3B
00
00
3D
3F
00
00
41
00
00
43
45
00
47
49
4B
4D
00
4F
00
00
51
53
00
55
57
00
59
00
00
5B
5D
00
5F
00
61
63
00
65
00
67
69
00
00
00
6B
6D
00
6F
71
73
00
00
75
00
77
00
00
79
00
00
7B
7D
7F
00
00
00
81
83
00
00
85
00
87
00
89
8B
00
8D
8F
91
00
00
00
00
00
00
93
95
00
97
99
9B
9D
9F
00
00
00
A1
00
00
00
00
A3
A5
A7
00
00
00
A9
AB
00
AD
00
AF
00
00
B1
00
B3
B5
00
B7
00
00
00
00
00
B9
00
00
00
BB
00
00
00
00
00
00
00
00

