02
00
04
00
06
08
00
00
0A
0C
0E
00
10
12
00
14
16
00
00
18
00
1A
1C
1E
00
00
20
22
00
00
00
24
00
26
28
00
00
00
00
2A
2C
2E
00
00
00
30
00
32
34
36
38
00
00
00
3A
3C
00
3E
40
42
00
00
00
44
46
00
48
00
4A
00
4C
00
4E
50
52
00
00
54
56
58
5A
5C
5E
00
60
62
64
66
00
00
68
00
6A
00
6C
00
6E
00
70
72
74
76
00
00
00
78
00
00
00
00
00
00
7A
00
00
00
00
7C
00
7E
00
00
80
00
00
82
84
86
88
00
8A
8C
8E
90
92
00
00
94
96
00
00
00
98
9A
9C
9E
00
A0
A2
00
00
A4
A6
00
00
00
00
A8
00
00
AA
00
00
00
00
AC
00
AE
00
00
B0
B2
00
00
00
00
00
B4
00
B6
00
B8
00
00
BA
00
00
00
00
00
00
00
00
00
00

