02
00
04
00
06
08
00
0A
0C
00
00
0E
00
10
00
00
12
00
14
16
18
00
00
00
1A
00
1C
00
1E
20
00
22
00
00
24
26
28
2A
00
00
2C
2E
00
00
30
32
34
00
00
00
00
36
38
3A
00
3C
3E
00
00
00
00
40
00
42
44
46
00
00
00
48
00
4A
4C
4E
00
50
00
52
00
00
00
00
54
56
58
00
5A
5C
00
00
5E
00
00
60
62
64
00
66
00
68
6A
6C
00
6E
00
00
70
00
00
72
74
00
00
76
00
00
78
7A
7C
00
7E
80
00
00
82
84
00
00
86
88
8A
00
00
00
00
8C
00
00
8E
90
00
00
92
94
00
00
96
98
9A
00
9C
00
9E
00
00
A0
A2
00
00
00
00
00
A4
A6
A8
AA
00
00
AC
00
00
00
AE
00
B0
00
B2
B4
00
B6
00
B8
BA
00
00
00
BC
00
00
00
00
00
00
00
00

