02
04
06
00
08
00
00
0A
0C
0E
00
10
00
00
12
14
00
16
18
1A
1C
1E
00
20
22
00
24
26
28
2A
00
2C
2E
30
32
34
00
36
38
3A
3C
3E
00
40
00
00
00
42
00
44
00
46
48
00
00
00
00
00
4A
00
4C
00
00
00
00
00
00
00
00
00
4E
50
52
54
00
00
56
58
5A
00
00
00
5C
5E
60
00
62
00
00
00
64
00
00
66
00
68
6A
6C
6E
00
00
70
72
00
74
00
76
00
00
00
78
7A
00
7C
00
00
00
7E
80
82
84
86
88
8A
00
00
00
8C
8E
90
00
92
00
94
96
98
00
00
9A
00
00
00
9C
00
9E
00
A0
00
00
00
A2
00
00
00
A4
00
A6
A8
00
AA
00
AC
AE
00
B0
00
00
00
00
00
00
B2
00
B4
00
B6
00
00
B8
BA
00
00
00
00
00
00
00
00
00
00
00
00
00
00
00

