02
04
00
00
06
00
08
0A
0C
0E
10
00
12
14
00
00
00
00
16
00
00
18
1A
1C
00
1E
00
00
00
20
00
22
24
26
28
00
2A
2C
00
2E
30
00
00
00
00
00
00
32
34
00
36
38
00
3A
3C
3E
00
40
00
00
00
42
44
00
46
48
4A
4C
00
4E
50
00
00
52
00
54
56
00
00
58
00
5A
5C
00
5E
60
00
00
00
00
00
00
00
00
62
64
66
00
00
68
6A
00
6C
6E
70
00
72
00
74
76
00
78
00
7A
00
00
00
00
7C
00
00
7E
80
82
00
84
00
86
00
88
8A
8C
8E
00
90
00
00
00
92
00
00
94
96
00
00
98
00
9A
00
9C
9E
A0
00
A2
00
A4
00
00
A6
A8
00
AA
AC
00
00
00
00
00
AE
B0
B2
B4
00
00
00
00
B6
B8
BA
00
00
BC
00
00
00
00
BE
00
00
00
00
00
00
00
00

