02
00
04
06
08
0A
00
0C
0E
00
00
00
10
00
00
12
14
16
00
00
18
00
1A
00
00
1C
00
1E
00
20
22
00
00
00
24
26
00
28
00
2A
2C
00
2E
00
30
00
32
34
00
00
36
38
00
3A
00
3C
3E
40
00
00
00
42
44
46
48
00
00
4A
00
00
00
00
00
4C
00
4E
00
50
00
52
00
54
56
58
5A
00
5C
5E
00
60
00
62
64
00
00
00
00
66
00
68
6A
6C
00
6E
00
70
00
00
00
00
72
00
74
00
76
00
78
00
00
00
7A
00
7C
00
7E
80
82
00
84
86
88
00
8A
00
8C
8E
90
00
00
92
94
00
00
96
98
00
9A
9C
00
00
00
9E
00
A0
00
00
00
A2
00
A4
00
A6
A8
00
00
AA
00
AC
AE
00
00
00
00
B0
B2
B4
00
00
00
B6
B8
00
00
00
BA
00
00
00
00
00
00
00
00
00
00

