01
00
03
05
07
00
00
09
0B
00
00
00
0D
0F
00
11
00
00
13
00
15
00
17
00
19
1B
1D
1F
00
00
21
00
23
00
25
27
00
29
2B
00
2D
2F
00
00
31
00
33
00
00
35
37
00
39
3B
3D
00
3F
00
41
00
43
00
45
47
00
00
49
00
00
00
4B
4D
00
4F
51
53
00
00
55
00
57
00
59
00
5B
00
00
00
5D
00
00
5F
61
00
63
00
00
00
00
00
65
00
67
69
00
6B
00
00
6D
00
6F
00
71
73
75
00
00
00
77
79
00
7B
00
7D
00
7F
00
81
83
85
00
00
00
87
89
8B
00
8D
00
00
00
8F
91
00
93
00
95
00
97
99
9B
9D
9F
A1
00
A3
00
00
00
A5
A7
A9
00
00
00
AB
00
00
00
00
AD
AF
00
00
00
00
00
00
00
00
00
00
00
00
00
00
00
00
00
00
00
00
00
00
00

