01
00
03
00
05
00
07
00
09
0B
0D
00
0F
11
00
00
00
13
00
15
00
17
00
19
00
1B
1D
00
00
00
1F
21
00
23
00
25
27
00
29
00
2B
00
00
2D
00
2F
00
00
31
33
00
35
37
00
39
3B
3D
3F
00
41
00
43
00
45
47
49
00
4B
00
00
00
00
00
4D
00
00
4F
51
53
00
00
55
57
59
00
5B
00
5D
5F
00
00
00
61
63
00
65
67
00
00
69
6B
00
6D
00
6F
00
71
00
00
00
73
75
00
00
00
00
77
79
00
00
00
00
7B
00
7D
00
7F
81
83
85
87
89
8B
00
8D
8F
00
00
00
91
93
95
00
00
00
00
00
97
99
00
00
9B
9D
9F
A1
00
00
A3
A5
00
00
00
00
A7
00
00
A9
00
AB
AD
AF
B1
00
00
B3
00
00
00
00
00
00
00
00
00
00
00
00
00
00
00
00
00
00
00
00

