02
04
00
06
08
00
0A
0C
0E
00
10
00
00
12
00
00
00
14
16
00
18
00
00
00
1A
1C
00
00
1E
00
20
22
00
24
00
26
00
28
00
2A
00
2C
2E
00
30
32
34
00
36
38
00
00
3A
00
3C
00
3E
00
40
00
42
00
44
00
00
46
00
48
4A
4C
4E
00
00
50
52
54
00
00
00
00
00
00
56
00
58
00
5A
00
5C
5E
00
60
00
62
00
00
64
66
00
68
6A
6C
6E
70
72
00
74
00
76
78
7A
7C
7E
00
00
00
00
00
00
00
80
00
82
00
84
00
00
86
00
88
8A
00
8C
8E
00
00
00
90
00
00
92
00
00
94
96
00
00
98
9A
00
9C
00
00
00
00
9E
A0
A2
A4
00
A6
00
A8
AA
00
00
00
AC
AE
00
B0
00
B2
B4
00
00
00
B6
00
00
B8
00
00
BA
00
00
00
00
00
00
00
00
00
00
00

