02
04
06
08
00
0A
0C
0E
10
00
00
00
12
14
00
16
18
00
1A
1C
00
1E
20
00
22
24
00
26
00
28
00
2A
2C
2E
30
32
34
36
38
3A
00
00
00
00
3C
00
3E
00
40
42
44
46
48
00
4A
4C
00
4E
50
00
00
52
54
56
58
5A
00
00
00
00
00
5C
00
5E
60
00
00
62
00
00
00
00
00
00
64
66
68
00
6A
6C
00
6E
00
00
70
72
74
00
76
00
00
00
00
00
00
78
7A
00
00
7C
7E
00
00
00
80
82
84
00
00
00
00
00
86
88
8A
00
8C
8E
00
00
00
00
00
00
90
00
00
92
00
00
94
96
98
00
00
00
00
00
00
9A
00
9C
00
00
00
9E
00
A0
A2
A4
00
00
A6
A8
AA
00
00
AC
AE
00
00
00
B0
00
B2
00
00
00
00
00
00
00
00
00
00
00
00
00
00
00
00
00
00
00
00

