01
00
03
00
05
07
09
0B
00
0D
0F
11
13
15
00
00
00
17
19
1B
1D
00
00
1F
00
00
00
21
23
00
00
25
27
29
00
2B
2D
00
00
00
00
2F
31
00
00
00
00
33
35
37
39
3B
3D
00
00
3F
00
41
43
45
00
47
49
00
00
00
00
00
4B
00
4D
00
00
00
4F
51
53
00
55
00
00
00
00
00
57
59
00
00
5B
5D
00
5F
00
00
00
61
63
65
00
67
00
69
00
00
00
6B
6D
6F
71
00
73
00
00
00
75
77
79
00
7B
00
7D
00
7F
81
83
00
85
00
87
00
00
00
89
8B
00
00
8D
00
8F
00
00
91
93
95
97
00
00
99
9B
00
00
00
00
9D
9F
00
A1
A3
00
00
A5
A7
00
00
00
A9
AB
00
AD
00
AF
00
00
B1
00
B3
B5
00
00
B7
00
B9
BB
00
00
00
00
00
BD
BF
00
C1
00
00
00

