02
04
06
08
0A
0C
0E
10
12
14
16
18
1A
1C
1E
20
22
24
26
28
00
00
2A
00
2C
00
00
00
2E
30
32
34
36
38
3A
00
00
00
00
00
3C
3E
00
40
00
42
44
46
48
4A
4C
4E
00
00
50
52
00
54
00
56
58
00
00
00
5A
5C
5E
00
60
00
62
00
00
64
66
00
68
00
6A
6C
6E
00
00
70
72
00
00
00
00
74
00
00
00
76
00
00
00
78
00
7A
7C
00
00
7E
00
80
00
82
84
00
86
00
00
88
8A
00
00
8C
8E
00
00
90
92
00
00
94
00
96
00
98
9A
9C
00
9E
00
00
00
A0
A2
00
00
A4
A6
00
00
00
00
00
00
00
00
A8
00
00
AA
AC
00
AE
00
B0
00
B2
00
B4
B6
00
00
B8
00
00
00
00
00
00
00
00
00
00
BA
BC
00
00
BE
00
00
00
00
00
00
00
00
00
00
00
00

