01
00
03
05
00
07
00
09
00
0B
00
00
0D
00
0F
00
11
00
13
15
00
17
19
1B
00
1D
1F
21
00
23
00
25
27
00
00
00
00
00
29
00
2B
00
2D
00
2F
00
31
33
35
37
00
39
00
00
3B
00
3D
3F
41
00
43
00
45
47
00
00
00
49
4B
00
4D
00
4F
51
00
00
00
53
00
55
57
59
5B
00
5D
5F
61
00
00
00
00
63
00
65
00
00
67
00
00
00
69
00
00
6B
00
6D
00
6F
00
71
00
73
00
75
00
77
79
7B
00
00
00
00
00
7D
7F
81
00
83
00
85
00
00
00
87
00
89
00
8B
00
8D
8F
91
00
00
00
93
95
97
00
99
9B
00
00
9D
9F
00
A1
A3
00
A5
00
00
00
A7
A9
00
00
AB
00
00
00
AD
AF
00
B1
00
00
00
00
00
00
00
00
00
00
00
00
00
00
00
00
00
00
00
00

