01
00
03
05
07
00
09
00
0B
00
00
0D
0F
11
13
00
00
00
00
00
15
00
17
19
00
1B
00
00
1D
1F
21
23
00
25
00
27
29
00
00
2B
00
00
2D
2F
00
00
00
00
31
00
33
00
35
00
37
39
00
3B
3D
3F
00
00
41
00
00
43
45
00
00
00
47
00
49
4B
4D
4F
00
51
00
53
55
57
59
5B
00
00
5D
00
5F
61
63
00
65
67
00
69
00
00
00
00
6B
6D
6F
71
00
00
00
73
00
75
00
00
77
00
79
7B
7D
7F
81
00
83
00
00
00
00
00
85
87
00
89
8B
00
00
8D
00
00
00
00
00
00
8F
91
93
95
00
00
00
00
97
00
99
9B
9D
00
00
00
00
9F
A1
A3
A5
00
A7
00
00
A9
AB
00
00
AD
00
00
AF
00
00
00
B1
00
00
00
00
00
00
00
00
00
00
00
00
00
00
00
00
00
00

