01
00
03
00
05
00
07
09
00
0B
0D
00
00
0F
00
00
11
13
15
00
00
00
17
19
00
1B
00
1D
1F
00
21
00
23
25
00
00
27
00
29
2B
00
00
2D
00
2F
31
00
33
35
37
00
39
00
3B
00
3D
3F
00
41
00
43
00
45
00
00
00
47
49
00
00
00
00
00
00
4B
4D
00
4F
51
53
55
00
00
00
57
59
5B
00
5D
5F
00
61
63
00
65
67
00
00
00
69
6B
6D
00
00
00
00
6F
00
71
00
73
00
00
75
00
77
00
79
7B
00
7D
00
7F
00
81
00
00
83
85
87
00
00
89
8B
8D
00
00
8F
91
00
00
00
93
95
00
00
00
97
99
00
00
9B
00
00
00
9D
00
9F
A1
00
A3
00
A5
A7
00
00
A9
AB
AD
00
00
00
00
00
AF
00
B1
B3
00
00
B5
B7
B9
00
00
00
00
00
00
00
00
00
00
00
00

