01
03
05
07
00
09
0B
00
00
00
00
0D
0F
00
11
00
00
13
15
00
17
19
1B
1D
1F
21
23
25
27
00
00
00
00
29
2B
2D
00
00
2F
00
00
00
00
00
00
00
00
31
33
00
00
35
37
39
00
3B
3D
3F
41
43
00
45
00
00
00
00
00
47
49
4B
00
00
00
4D
4F
51
00
53
55
00
57
00
59
5B
5D
00
5F
61
63
65
67
69
00
00
6B
6D
00
6F
71
00
00
73
00
00
75
77
00
79
7B
00
00
00
00
00
7D
00
7F
00
81
00
83
85
87
00
00
89
8B
00
00
8D
8F
00
00
00
91
00
93
00
00
00
00
95
97
99
9B
00
9D
00
00
00
00
9F
A1
00
00
00
A3
A5
A7
00
00
00
A9
AB
00
00
00
00
00
AD
AF
00
00
B1
B3
00
B5
00
00
00
00
00
B7
00
00
00
00
00
00
00
00
00
00
00
00

