01
00
03
00
05
07
09
00
00
0B
0D
0F
00
00
00
11
00
13
15
00
00
17
00
19
00
00
1B
1D
1F
21
00
00
23
00
00
25
27
29
00
00
2B
2D
00
00
00
2F
31
00
33
00
00
35
37
39
3B
3D
00
00
00
3F
41
00
00
00
43
00
00
45
47
49
00
00
4B
00
00
00
4D
00
4F
51
00
00
53
55
00
57
00
59
5B
5D
00
5F
00
00
61
63
00
00
65
67
69
00
00
6B
00
6D
00
00
6F
71
73
00
00
00
00
75
00
77
00
79
7B
7D
7F
00
81
00
00
00
00
83
85
00
00
87
89
8B
00
00
00
8D
8F
91
93
95
97
00
99
9B
00
9D
00
00
00
00
9F
00
00
00
00
A1
A3
A5
A7
00
A9
00
00
AB
AD
00
00
00
00
AF
00
00
B1
00
B3
00
B5
B7
00
00
00
00
00
00
00
00
00
00
00
00
00

