01
03
05
00
07
00
00
00
09
0B
00
00
0D
00
0F
11
00
13
00
15
17
00
19
00
1B
1D
1F
21
00
00
00
23
25
27
29
2B
2D
2F
00
31
00
00
33
00
35
00
00
37
00
00
39
00
3B
00
00
3D
3F
41
43
45
47
00
49
00
00
4B
00
00
00
4D
00
00
00
4F
51
53
00
00
55
00
00
00
00
57
00
59
5B
5D
00
00
00
00
00
5F
61
63
00
00
65
00
67
69
6B
00
00
6D
00
6F
71
73
00
00
75
00
00
00
00
00
77
79
7B
00
00
7D
7F
00
81
00
00
83
00
85
00
87
00
89
8B
8D
8F
91
93
95
97
00
00
00
00
99
00
9B
9D
00
9F
00
00
A1
A3
00
A5
A7
00
00
A9
00
AB
AD
AF
00
00
00
00
00
B1
00
00
00
B3
00
B5
00
00
B7
B9
BB
00
00
00
00
00
00
00
00
00
00
00

