02
04
00
06
08
00
0A
00
0C
0E
10
00
12
00
14
00
00
00
16
00
18
00
00
00
1A
00
1C
00
1E
20
00
22
00
24
00
26
00
28
2A
00
00
00
2C
2E
00
30
00
32
34
36
00
00
38
00
3A
00
00
3C
00
00
3E
00
40
42
00
44
46
48
00
4A
00
00
4C
00
4E
00
50
00
52
54
00
00
56
58
00
5A
5C
5E
00
00
60
62
64
66
00
00
00
68
00
00
6A
6C
00
00
00
6E
70
00
00
00
00
72
00
00
74
00
76
78
7A
7C
7E
80
82
00
00
84
86
88
00
00
00
00
8A
00
00
00
8C
8E
00
90
92
00
00
94
96
00
00
00
98
00
9A
00
9C
00
00
9E
00
A0
A2
A4
00
00
00
A6
00
A8
00
00
AA
AC
00
AE
00
B0
B2
00
B4
00
00
00
00
00
00
00
00
00
00
00
00
00
00
00
00
00
00

