01
00
03
00
05
07
09
00
00
00
0B
0D
0F
11
00
00
00
13
15
17
00
19
00
1B
00
00
1D
1F
00
21
23
00
25
27
00
00
29
2B
00
00
00
00
2D
00
00
2F
31
33
35
37
00
39
00
00
3B
00
00
3D
3F
00
41
43
00
45
00
47
00
00
49
4B
00
4D
4F
00
51
53
00
00
00
00
55
00
00
00
00
57
59
5B
00
5D
00
5F
61
00
00
63
65
00
00
00
67
00
69
6B
00
6D
6F
71
00
00
73
00
00
75
00
77
00
00
79
7B
7D
7F
00
81
00
00
00
83
00
85
87
89
00
00
00
00
00
8B
00
00
8D
00
8F
91
93
95
97
00
99
9B
9D
00
9F
A1
00
A3
A5
00
A7
00
00
00
A9
00
00
00
00
00
AB
00
00
AD
AF
00
00
00
00
00
00
00
00
00
00
00
00
00
00
00
00
00
00
00
00
00
00

