01
03
05
00
07
09
00
0B
00
00
0D
00
0F
11
13
15
17
00
00
00
00
00
00
00
19
00
1B
00
1D
1F
00
00
21
00
23
00
25
27
29
2B
00
00
2D
2F
31
00
00
00
00
00
33
35
00
00
37
39
3B
3D
3F
00
00
41
00
00
00
00
43
45
47
00
00
49
4B
4D
00
4F
00
51
00
53
00
55
57
59
00
00
00
00
00
00
5B
5D
5F
61
63
65
67
00
00
00
69
6B
00
00
6D
00
00
00
6F
71
73
00
75
00
00
77
00
00
00
79
7B
7D
00
7F
00
00
00
00
81
00
83
85
87
89
8B
00
8D
00
00
00
00
8F
91
00
00
93
95
00
97
99
00
9B
00
00
00
9D
9F
00
00
00
A1
00
A3
00
A5
00
00
00
00
00
00
00
00
00
00
00
00
00
00
00
00
00
00
00
00
00
00
00
00
00
00
00
00
00
00

