01
00
03
05
07
09
00
00
0B
00
0D
00
0F
11
13
00
15
17
00
19
00
1B
1D
00
1F
21
23
00
25
27
00
00
29
00
00
2B
2D
2F
00
00
31
33
35
37
39
00
3B
00
00
3D
00
00
00
00
3F
00
41
00
00
00
43
45
47
00
49
4B
00
00
4D
4F
51
00
00
00
53
55
00
00
57
59
00
00
5B
00
5D
00
5F
00
00
00
00
61
63
00
65
00
67
69
00
6B
00
6D
6F
71
00
00
73
00
00
00
75
77
00
79
00
00
00
00
00
7B
00
7D
00
00
7F
81
00
00
83
00
85
00
00
00
87
89
8B
00
00
8D
00
00
8F
91
93
95
00
97
99
00
9B
9D
00
00
9F
00
00
00
00
A1
A3
A5
A7
00
A9
00
00
00
00
AB
AD
00
AF
00
B1
B3
00
B5
00
B7
00
B9
00
BB
00
00
00
00
BD
00
00
00
00
00
00

