01
03
05
07
00
00
00
09
00
0B
0D
0F
00
00
00
00
11
00
13
15
00
00
17
19
1B
1D
1F
21
23
25
00
00
00
00
00
27
00
00
00
29
2B
00
2D
2F
31
00
33
35
00
00
37
00
39
00
00
3B
00
00
3D
3F
00
00
00
41
00
00
43
45
00
47
49
4B
4D
4F
00
00
51
00
00
53
00
55
00
57
59
5B
5D
00
5F
00
61
00
00
63
65
67
00
69
00
00
00
00
00
6B
00
6D
6F
71
73
00
75
00
00
00
00
00
00
77
79
00
7B
00
7D
7F
00
81
83
00
85
87
89
00
00
8B
00
8D
00
00
00
00
8F
91
00
93
95
97
00
99
00
9B
00
00
9D
00
00
00
00
00
9F
A1
A3
A5
00
A7
A9
AB
AD
00
00
AF
B1
00
00
00
00
B3
B5
B7
00
00
00
B9
00
00
BB
00
BD
00
00
00
00
00
00
00
00

