02
04
00
06
08
0A
0C
00
0E
00
10
00
12
00
14
16
18
00
00
00
1A
1C
00
1E
00
00
00
20
00
00
22
00
24
26
28
2A
00
2C
00
00
2E
30
32
34
00
00
36
00
38
3A
00
00
3C
00
3E
00
00
00
00
00
40
00
42
44
46
00
48
4A
00
00
4C
4E
50
00
00
00
52
00
00
54
56
58
00
00
00
5A
5C
5E
60
62
00
64
00
66
00
00
00
68
00
6A
6C
6E
00
00
00
00
70
00
00
72
00
00
74
76
78
7A
7C
00
00
7E
80
00
00
00
82
00
00
00
00
84
00
00
86
00
88
8A
8C
00
00
00
8E
00
90
92
94
96
98
00
00
9A
00
00
00
9C
00
9E
00
A0
00
A2
00
00
A4
A6
A8
AA
00
00
00
AC
00
00
00
00
00
00
00
00
00
00
00
00
00
00
00
00
00
00
00
00
00
00
00
00
00

