02
00
04
00
06
08
0A
00
00
00
0C
0E
10
12
00
00
00
14
16
18
00
1A
00
1C
00
00
1E
20
00
22
24
00
26
28
00
00
2A
2C
00
00
00
00
2E
00
00
30
32
34
36
38
00
3A
00
00
3C
00
00
3E
40
00
42
44
00
46
00
48
00
00
4A
4C
00
4E
50
00
52
54
00
00
00
00
56
00
00
00
00
58
5A
5C
00
5E
00
60
62
00
00
64
66
00
00
00
68
00
6A
6C
00
6E
70
72
00
00
74
00
00
76
00
78
00
00
7A
7C
7E
80
00
82
00
00
00
84
00
86
88
8A
00
00
00
00
00
8C
00
00
8E
00
90
92
94
96
98
00
9A
9C
9E
00
A0
A2
00
A4
A6
00
A8
00
00
00
AA
00
00
00
00
00
AC
00
00
AE
B0
00
00
00
00
00
00
00
00
00
00
00
00
00
00
00
00
00
00
00
00
00
00

