02
04
06
08
00
0A
0C
00
00
00
00
0E
10
00
12
00
00
14
16
00
18
1A
1C
1E
20
22
24
26
28
00
00
00
00
2A
2C
2E
00
00
30
00
00
00
00
00
00
00
00
32
34
00
00
36
38
3A
00
3C
3E
40
42
44
00
46
00
00
00
00
00
48
4A
4C
00
00
00
4E
50
52
00
54
56
00
58
00
5A
5C
5E
00
60
62
64
66
68
6A
00
00
6C
6E
00
70
72
00
00
74
00
00
76
78
00
7A
7C
00
00
00
00
00
7E
00
80
00
82
00
84
86
88
00
00
8A
8C
00
00
8E
90
00
00
00
92
00
94
00
00
00
00
96
98
9A
9C
00
9E
00
00
00
00
A0
A2
00
00
00
A4
A6
A8
00
00
00
AA
AC
00
00
00
00
00
AE
B0
00
00
B2
B4
00
B6
00
00
00
00
00
B8
00
00
00
00
00
00
00
00
00
00
00
00

