01
03
05
07
00
09
0B
0D
0F
00
00
00
11
13
00
15
17
00
19
1B
00
1D
1F
00
21
23
00
25
00
27
00
29
2B
2D
2F
31
33
35
37
39
00
00
00
00
3B
00
3D
00
3F
41
43
45
47
00
49
4B
00
4D
4F
00
00
51
53
55
57
59
00
00
00
00
00
5B
00
5D
5F
00
00
61
00
00
00
00
00
00
63
65
67
00
69
6B
00
6D
00
00
6F
71
73
00
75
00
00
00
00
00
00
77
79
00
00
7B
7D
00
00
00
7F
81
83
00
00
00
00
00
85
87
89
00
8B
8D
00
00
00
00
00
00
8F
00
00
91
00
00
93
95
97
00
00
00
00
00
00
99
00
9B
00
00
00
9D
00
9F
A1
A3
00
00
A5
A7
A9
00
00
AB
AD
00
00
00
AF
00
B1
00
00
00
00
00
00
00
00
00
00
00
00
00
00
00
00
00
00
00
00

