01
00
03
00
05
07
09
0B
00
00
0D
00
0F
00
11
00
13
00
15
00
00
17
19
00
00
1B
1D
00
00
00
1F
21
00
23
00
25
27
29
2B
00
00
00
00
00
2D
00
2F
31
33
00
35
37
39
00
00
3B
00
00
00
00
3D
3F
00
41
43
45
47
00
00
49
00
4B
4D
4F
51
00
00
00
53
00
00
00
00
55
57
00
59
00
5B
00
00
5D
5F
61
00
00
00
63
65
67
69
6B
6D
00
00
00
6F
00
71
73
75
77
00
00
79
00
00
7B
7D
7F
00
00
00
81
83
00
85
87
00
89
8B
8D
8F
91
00
93
00
95
97
00
00
00
00
99
9B
9D
00
00
9F
A1
00
00
A3
A5
00
00
A7
00
A9
AB
00
AD
00
00
00
AF
00
00
00
00
00
B1
00
B3
B5
B7
B9
BB
00
BD
00
BF
00
00
00
00
00
00
00
00
00
00
00
00
00

