02
00
04
06
00
08
0A
0C
0E
00
10
12
14
00
00
16
00
18
00
1A
00
1C
00
00
1E
20
22
24
00
26
00
00
00
00
00
28
2A
2C
2E
30
32
00
00
34
36
00
00
38
00
3A
3C
00
00
00
3E
40
00
42
44
00
46
00
00
48
00
4A
4C
00
4E
00
50
52
54
56
58
00
5A
00
00
5C
00
5E
00
00
00
60
62
00
00
64
66
00
00
68
6A
6C
6E
70
00
72
00
74
00
76
78
7A
7C
7E
00
80
82
00
00
00
84
00
00
00
86
00
00
88
00
8A
00
8C
00
00
00
00
00
8E
90
92
00
00
94
00
00
00
00
00
00
00
96
00
00
00
98
00
9A
9C
9E
00
00
A0
00
A2
00
A4
00
00
A6
A8
AA
00
AC
AE
00
B0
00
B2
00
00
B4
00
00
00
00
00
00
00
00
00
00
00
00
00
00
00
00
00
00
00
00

