02
00
04
06
08
00
00
0A
00
0C
0E
10
00
12
00
14
00
00
16
00
18
1A
00
1C
00
00
1E
00
20
00
22
00
24
00
26
00
00
00
28
2A
00
00
2C
2E
00
30
32
34
00
00
00
00
36
00
38
00
3A
3C
3E
40
00
42
44
46
48
4A
00
00
4C
00
00
00
4E
50
52
54
56
58
5A
00
00
5C
00
5E
00
00
60
00
00
00
00
62
64
00
00
00
66
00
68
00
6A
6C
6E
70
00
00
72
00
00
00
74
76
78
00
00
7A
7C
00
00
00
7E
80
00
82
00
00
84
86
00
88
00
00
8A
8C
8E
00
90
00
00
92
00
00
94
00
00
00
00
00
96
98
00
9A
9C
9E
A0
00
00
A2
00
00
00
A4
A6
A8
00
00
AA
AC
00
00
00
00
AE
00
B0
00
00
00
00
00
00
00
00
00
00
00
00
00
00
00
00
00
00
00
00

