01
00
03
00
05
00
07
09
0B
0D
00
0F
11
00
00
00
13
00
15
00
00
17
19
00
1B
00
1D
00
1F
00
00
00
21
23
00
25
00
27
29
00
00
00
2B
00
2D
00
2F
31
00
33
00
35
00
37
39
00
00
3B
00
00
3D
3F
00
41
43
45
00
47
49
4B
00
4D
4F
00
51
00
53
55
57
59
5B
00
00
5D
5F
61
63
00
00
65
67
69
00
00
00
00
00
6B
00
00
6D
00
00
6F
00
00
71
00
73
00
00
00
00
00
75
00
00
77
79
7B
00
7D
7F
81
83
85
00
87
89
8B
00
00
8D
00
8F
00
00
91
93
00
00
95
97
00
00
00
00
00
99
9B
00
9D
9F
A1
A3
A5
00
00
00
00
00
A7
00
00
A9
00
AB
00
00
AD
AF
00
B1
B3
B5
00
00
00
00
00
00
B7
00
00
00
00
00
00
00
00
00
00
00
00
00

