01
03
05
00
00
07
09
00
00
00
0B
0D
0F
00
00
00
11
13
15
00
00
00
17
19
00
1B
1D
1F
00
21
23
25
27
00
00
00
29
2B
2D
00
00
2F
31
00
33
35
00
37
00
00
39
3B
3D
00
00
00
00
3F
00
00
41
43
00
45
00
00
47
49
4B
4D
4F
51
00
53
55
00
57
59
00
00
00
00
00
00
00
00
5B
00
5D
5F
61
00
63
00
00
65
00
67
00
69
6B
00
6D
00
6F
00
71
73
00
75
00
77
79
00
00
00
00
00
00
7B
00
00
00
7D
7F
00
81
00
83
00
00
00
85
87
89
00
00
8B
8D
8F
91
93
95
00
97
00
99
9B
00
00
00
9D
9F
00
A1
00
00
00
00
A3
00
00
A5
A7
A9
00
00
00
00
AB
AD
00
AF
B1
B3
00
00
B5
00
00
00
00
00
00
00
00
00
00
00
00
00
00
00
00
00

