02
04
00
06
08
0A
0C
00
0E
10
00
00
12
14
00
00
16
18
00
1A
00
00
1C
00
00
1E
20
22
24
26
00
00
28
00
00
00
2A
00
2C
2E
00
00
00
00
30
00
32
00
34
36
00
38
00
00
3A
00
3C
3E
40
00
42
00
44
00
46
00
48
4A
00
00
4C
00
4E
50
52
00
00
54
00
00
00
00
56
00
00
00
58
00
5A
00
5C
00
5E
60
00
62
00
64
66
00
68
6A
6C
6E
00
70
00
00
00
00
00
72
00
74
00
00
76
78
7A
00
00
7C
7E
80
00
82
00
00
84
86
88
00
8A
00
8C
00
8E
00
90
00
00
00
00
00
92
94
96
98
9A
00
00
9C
00
9E
00
A0
A2
00
00
A4
00
00
00
A6
00
A8
00
AA
00
00
00
00
00
00
00
00
00
00
00
00
00
00
00
00
00
00
00
00
00
00
00
00
00
00
00

