02
04
06
08
00
00
0A
0C
00
0E
10
12
14
16
18
00
1A
00
1C
00
00
00
00
00
1E
00
00
00
00
00
00
00
02
04
06
08
00
00
0A
0C
0E
10
12
14
16
00
00
18
1A
1C
1E
00
00
00
00
00
00
00
00
00
00
00
00
00
02
04
00
06
08
0A
0C
00
0E
10
00
00
12
00
00
14
16
00
18
1A
00
00
00
1C
1E
00
00
00
00
00
00
00
02
04
06
08
00
0A
0C
0E
00
10
00
00
12
14
00
16
18
1A
1C
00
00
00
00
00
00
00
1E
00
00
00
00
00
02
04
06
08
0A
00
0C
0E
00
00
00
10
12
14
16
00
18
1A
1C
1E
00
00
00
00
00
00
00
00
00
00
00
00
02
04
06
00
00
00
08
00
0A
0C
0E
00
00
10
12
14
16
18
1A
1C
1E
00
00
00
00
00
00
00
00
00
00
00
02
04
06
08
0A
00
0C
0E
00
00
10
00
00
12
00
14
16
18
00
00
1A
1C
1E
00
00
00
00
00
00
00
00
00
02
04
06
08
0A
00
0C
0E
00
00
00
10
12
14
16
18
1A
1C
1E
00
00
00
00
00
00
00
00
00
00
00
00
00
02
04
06
08
0A
0C
0E
10
12
00
14
16
00
18
1A
00
00
00
1C
00
00
1E
00
00
00
00
00
00
00
00
00
00
02
04
06
08
00
00
0A
0C
00
0E
10
00
12
14
16
18
1A
00
00
1C
00
00
00
00
00
00
1E
00
00
00
00
00
02
00
04
06
08
0A
0C
0E
10
12
14
00
00
00
00
16
18
00
1A
00
00
1C
00
1E
00
00
00
00
00
00
00
00
02
04
00
06
00
08
0A
0C
00
00
0E
10
00
12
14
16
18
1A
1C
00
1E
00
00
00
00
00
00
00
00
00
00
00
02
04
06
08
00
0A
0C
0E
10
00
00
00
12
14
00
00
16
18
1A
00
00
00
00
00
00
1C
1E
00
00
00
00
00
02
04
06
08
00
0A
0C
0E
10
12
14
16
18
00
00
1A
00
00
00
00
00
00
00
1C
1E
00
00
00
00
00
00
00
02
04
06
08
00
0A
0C
00
00
00
0E
10
12
00
00
14
16
18
1A
00
00
1C
00
1E
00
00
00
00
00
00
00
00
02
04
06
08
00
0A
0C
0E
10
12
14
00
16
00
18
1A
00
00
1C
1E
00
00
00
00
00
00
00
00
00
00
00
00

