02
04
06
00
08
00
0A
0C
0E
00
00
10
12
00
14
16
00
00
00
18
1A
1C
00
00
00
1E
20
00
00
22
00
00
24
00
00
00
26
28
00
2A
2C
2E
00
30
32
34
00
00
00
36
38
00
00
3A
00
00
3C
3E
00
00
40
42
00
44
46
00
00
00
48
4A
4C
00
00
00
4E
50
52
54
00
00
00
00
56
00
58
5A
5C
5E
60
62
00
64
66
00
68
6A
6C
6E
00
00
00
70
00
72
00
74
00
00
00
76
00
00
78
00
00
00
7A
00
00
7C
7E
00
00
00
00
00
80
00
82
84
86
00
88
8A
00
00
8C
8E
00
90
00
92
94
00
00
96
98
9A
00
9C
00
00
9E
A0
00
00
00
A2
A4
00
A6
A8
AA
00
00
00
00
00
00
AC
AE
B0
00
00
00
B2
B4
B6
00
00
00
00
00
00
00
00
00
00
00
00
00
00
00
00
00

