01
00
03
05
07
09
00
0B
00
0D
00
0F
00
11
00
13
00
15
17
00
00
00
00
00
19
00
1B
00
1D
1F
00
00
21
23
25
27
29
2B
2D
2F
00
31
00
00
00
00
00
33
00
00
00
35
37
39
00
00
00
00
3B
00
3D
3F
41
00
00
00
43
45
47
00
49
00
4B
4D
4F
00
51
53
55
00
00
00
57
59
00
00
00
5B
00
5D
5F
00
61
00
63
65
00
00
67
00
69
6B
00
00
6D
00
6F
71
00
00
73
75
77
00
00
00
79
7B
7D
7F
81
83
00
00
85
00
00
00
00
00
87
89
00
00
00
00
8B
00
8D
8F
91
93
00
95
00
00
00
97
99
00
9B
00
00
9D
9F
A1
00
A3
A5
00
00
00
00
A7
A9
AB
00
AD
00
00
00
AF
B1
00
00
00
00
00
00
00
00
00
00
00
00
00
00
00
00
00
00
00
00
00
00

