01
03
00
05
00
00
07
09
0B
00
0D
0F
11
00
13
00
00
15
00
17
19
00
1B
00
00
00
1D
1F
21
00
23
00
25
00
00
27
29
00
2B
2D
00
2F
00
00
31
00
00
33
00
00
35
37
00
39
3B
3D
00
00
3F
00
41
43
45
00
00
00
47
00
49
4B
00
4D
00
00
4F
51
00
53
00
00
00
00
55
57
59
5B
00
5D
00
00
00
5F
00
61
63
65
67
00
00
69
00
00
00
00
6B
6D
6F
71
00
73
00
00
75
77
00
79
7B
00
00
7D
00
00
7F
00
00
81
00
00
00
83
00
85
87
89
00
8B
00
8D
8F
91
93
95
97
00
00
99
9B
00
00
9D
9F
00
A1
A3
A5
00
A7
A9
AB
00
00
00
00
00
00
00
00
00
00
00
AD
00
AF
00
B1
00
B3
00
00
00
00
00
00
00
00
00
00
00
00
00
00
00
00
00
00

