01
00
03
00
05
00
07
09
00
0B
0D
00
00
0F
11
00
13
15
00
00
00
17
19
1B
00
00
00
1D
1F
00
00
21
23
00
25
00
27
29
00
2B
2D
2F
00
00
31
00
00
33
00
00
35
37
39
00
3B
3D
00
3F
41
43
45
00
00
00
47
00
49
00
00
4B
00
00
00
00
4D
4F
51
53
00
55
00
00
57
59
00
5B
00
00
00
5D
00
5F
00
61
63
65
67
69
00
00
00
00
00
00
6B
00
00
00
6D
6F
71
00
00
00
73
00
75
00
77
79
7B
7D
00
7F
00
81
83
00
85
87
00
89
00
00
8B
00
00
8D
8F
00
00
91
93
95
00
97
99
9B
00
00
9D
9F
A1
00
00
A3
A5
00
A7
A9
AB
00
00
AD
00
AF
00
00
B1
00
00
00
00
B3
B5
00
B7
00
B9
BB
00
00
00
00
BD
00
00
00
00
00
00
00
00
00
00

