02
00
04
06
08
00
00
00
0A
00
0C
00
0E
10
12
14
16
00
00
18
1A
00
00
1C
00
00
00
1E
00
00
20
22
24
26
28
2A
00
00
00
2C
2E
00
30
32
00
34
36
00
38
3A
00
00
3C
00
3E
00
00
00
00
00
00
00
40
42
00
44
00
00
46
48
4A
00
4C
4E
50
52
54
56
00
00
58
5A
00
00
00
00
00
5C
5E
00
60
62
00
64
00
00
00
66
00
68
00
00
00
00
6A
6C
6E
70
72
74
00
00
00
76
78
7A
00
7C
00
7E
00
00
80
00
00
00
82
84
86
00
00
00
88
00
00
8A
8C
8E
90
00
00
00
00
92
00
94
96
00
98
9A
00
9C
9E
00
00
00
00
00
A0
A2
A4
A6
00
A8
AA
00
00
AC
00
00
00
AE
B0
B2
B4
00
00
B6
00
00
00
00
B8
BA
00
00
00
00
00
00
00
00
00
00
00

