02
04
06
08
0A
0C
0E
10
12
00
00
14
00
00
16
18
1A
1C
00
1E
00
00
20
00
22
00
24
26
28
2A
2C
00
2E
00
30
00
32
00
34
36
00
38
00
00
00
3A
3C
3E
00
40
00
00
42
44
00
00
46
00
48
00
4A
4C
4E
00
50
00
00
00
00
00
00
52
00
00
54
00
00
00
56
00
00
00
00
58
5A
5C
5E
00
60
62
64
66
00
68
6A
00
6C
00
00
6E
70
00
00
72
00
74
00
00
00
76
78
7A
7C
7E
00
00
80
00
82
00
84
86
88
00
8A
00
00
00
00
00
00
00
00
8C
00
8E
90
92
94
00
00
96
98
00
9A
00
9C
9E
A0
00
00
00
00
00
00
A2
A4
A6
00
00
00
00
00
A8
AA
00
00
00
00
AC
AE
00
00
B0
00
00
B2
00
00
00
00
00
00
00
00
00
00
00
00
00
00
00
00
00
00

