01
03
00
05
07
00
09
00
0B
0D
00
00
0F
00
11
13
00
00
15
17
00
00
19
00
00
00
1B
1D
00
00
1F
21
23
25
27
29
00
00
2B
00
00
2D
00
00
2F
31
00
33
35
37
39
3B
00
00
3D
3F
00
41
43
00
00
00
00
45
47
00
00
00
49
4B
4D
4F
00
51
00
53
55
00
57
00
00
59
00
00
00
5B
00
00
5D
00
5F
00
00
00
61
00
63
00
00
65
67
69
00
6B
6D
00
00
6F
00
00
71
73
00
00
00
75
00
77
00
79
7B
00
7D
7F
81
00
83
00
00
85
00
00
87
89
8B
8D
00
8F
00
00
00
00
00
91
00
93
00
95
00
00
97
99
00
00
9B
00
9D
9F
A1
A3
00
00
00
A5
A7
A9
AB
00
AD
AF
00
00
B1
00
00
00
00
B3
00
00
00
00
00
00
00
00
00
00
00
00
00
00
00
00
00

