01
00
03
05
00
07
09
0B
0D
00
0F
11
13
00
00
15
00
17
00
19
00
1B
00
00
1D
1F
21
23
00
25
00
00
00
00
00
27
29
2B
2D
2F
31
00
00
33
35
00
00
37
00
39
3B
00
00
00
3D
3F
00
41
43
00
45
00
00
47
00
49
4B
00
4D
00
4F
51
53
55
57
00
59
00
00
5B
00
5D
00
00
00
5F
61
00
00
63
65
00
00
67
69
6B
6D
6F
00
71
00
73
00
75
77
79
7B
7D
00
7F
81
00
00
00
83
00
00
00
85
00
00
87
00
89
00
8B
00
00
00
00
00
8D
8F
91
00
00
93
00
00
00
00
00
00
00
95
00
00
00
97
00
99
9B
9D
00
00
9F
00
A1
00
A3
00
00
A5
A7
A9
00
AB
AD
00
AF
00
B1
00
00
B3
00
00
00
00
00
00
00
00
00
00
00
00
00
00
00
00
00
00
00
00

