02
00
04
00
06
00
08
0A
0C
0E
00
10
12
00
00
00
14
00
16
00
00
18
1A
00
1C
00
1E
00
20
00
00
00
22
24
00
26
00
28
2A
00
00
00
2C
00
2E
00
30
32
00
34
00
36
00
38
3A
00
00
3C
00
00
3E
40
00
42
44
46
00
48
4A
4C
00
4E
50
00
52
00
54
56
58
5A
5C
00
00
5E
60
62
64
00
00
66
68
6A
00
00
00
00
00
6C
00
00
6E
00
00
70
00
00
72
00
74
00
00
00
00
00
76
00
00
78
7A
7C
00
7E
80
82
84
86
00
88
8A
8C
00
00
8E
00
90
00
00
92
94
00
00
96
98
00
00
00
00
00
9A
9C
00
9E
A0
A2
A4
A6
00
00
00
00
00
A8
00
00
AA
00
AC
00
00
AE
B0
00
B2
B4
B6
00
00
00
00
00
00
B8
00
00
00
00
00
00
00
00
00
00
00
00
00

