02
00
04
00
06
08
0A
0C
00
0E
10
12
14
16
00
00
00
18
1A
1C
1E
00
00
20
00
00
00
22
24
00
00
26
28
2A
00
2C
2E
00
00
00
00
30
32
00
00
00
00
34
36
38
3A
3C
3E
00
00
40
00
42
44
46
00
48
4A
00
00
00
00
00
4C
00
4E
00
00
00
50
52
54
00
56
00
00
00
00
00
58
5A
00
00
5C
5E
00
60
00
00
00
62
64
66
00
68
00
6A
00
00
00
6C
6E
70
72
00
74
00
00
00
76
78
7A
00
7C
00
7E
00
80
82
84
00
86
00
88
00
00
00
8A
8C
00
00
8E
00
90
00
00
92
94
96
98
00
00
9A
9C
00
00
00
00
9E
A0
00
A2
A4
00
00
A6
A8
00
00
00
AA
AC
00
AE
00
B0
00
00
B2
00
B4
B6
00
00
B8
00
BA
BC
00
00
00
00
00
BE
C0
00
C2
00
00
00

