02
04
00
06
08
0A
00
0C
00
0E
10
00
12
14
00
16
18
1A
00
00
1C
1E
00
00
20
22
00
00
24
00
00
26
00
00
00
28
00
2A
00
2C
00
2E
00
00
30
00
32
34
36
00
38
00
00
00
00
00
3A
00
3C
3E
00
40
42
44
00
00
46
48
4A
4C
4E
50
52
00
00
00
00
54
56
00
58
5A
5C
00
00
5E
00
00
00
60
00
00
00
62
00
00
64
66
68
6A
00
6C
00
6E
00
70
72
74
00
00
00
00
00
76
00
78
00
00
00
7A
7C
7E
00
80
00
00
82
84
00
86
88
8A
8C
00
8E
00
90
00
92
00
94
00
00
00
00
00
96
98
00
9A
00
9C
00
9E
00
A0
A2
A4
00
00
00
00
00
A6
A8
AA
00
00
00
AC
00
AE
B0
00
00
00
00
00
00
00
00
00
00
00
00
00
00
00
00
00
00
00
00
00
00

