02
04
06
08
00
00
0A
00
0C
00
0E
00
10
12
00
00
00
00
14
16
00
18
00
1A
00
00
1C
00
1E
00
20
22
24
26
28
2A
2C
00
2E
30
00
00
00
00
32
00
00
34
00
00
00
36
38
3A
00
3C
00
3E
00
40
42
44
46
00
00
48
00
4A
00
4C
00
00
4E
00
00
50
00
52
00
54
00
56
58
5A
5C
00
00
00
5E
00
00
00
60
62
00
00
64
66
00
00
00
68
6A
00
00
6C
6E
70
72
74
76
78
7A
00
00
7C
00
7E
00
80
00
82
84
00
00
00
00
86
00
00
88
00
8A
00
00
00
00
8C
00
8E
00
90
00
92
00
94
96
00
00
00
98
9A
9C
9E
00
A0
A2
A4
00
00
A6
00
A8
00
00
AA
AC
00
AE
B0
B2
00
00
B4
B6
B8
00
00
00
00
00
00
00
00
00
00
00
00
00
00
00
00
00
00
00

