01
00
03
05
07
00
00
09
00
0B
0D
0F
00
11
00
13
00
00
15
00
17
19
00
1B
00
00
1D
00
1F
00
21
00
23
00
25
00
00
00
27
29
00
00
2B
2D
00
2F
31
33
00
00
00
00
35
00
37
00
39
3B
3D
3F
00
41
43
45
47
49
00
00
4B
00
00
00
4D
4F
51
53
55
57
59
00
00
5B
00
5D
00
00
5F
00
00
00
00
61
63
00
00
00
65
00
67
00
69
6B
6D
6F
00
00
71
00
00
00
73
75
77
00
00
79
7B
00
00
00
7D
7F
00
81
00
00
83
85
00
87
00
00
89
8B
8D
00
8F
00
00
91
00
00
93
00
00
00
00
00
95
97
00
99
9B
9D
9F
00
00
A1
00
00
00
A3
A5
A7
00
00
A9
AB
00
00
00
00
AD
00
AF
00
00
00
00
00
00
00
00
00
00
00
00
00
00
00
00
00
00
00
00

