01
03
05
00
07
00
00
09
0B
00
0D
00
0F
00
00
00
11
00
13
00
15
00
17
19
1B
1D
00
00
1F
00
00
21
23
25
27
00
00
29
2B
2D
2F
31
00
00
33
00
35
37
00
00
39
00
3B
00
00
00
3D
00
3F
41
43
45
47
00
49
4B
00
00
4D
4F
51
00
53
00
00
00
00
00
00
00
55
00
00
57
59
00
00
5B
5D
00
5F
00
00
61
63
65
00
67
00
00
69
6B
00
00
00
00
00
6D
6F
00
00
00
71
73
75
00
77
79
7B
00
7D
7F
00
00
81
00
00
83
85
87
00
00
89
00
8B
8D
8F
00
91
93
95
97
00
99
9B
00
00
9D
00
9F
A1
A3
A5
00
00
00
00
A7
A9
00
AB
AD
00
00
00
AF
00
00
00
B1
00
00
00
B3
00
B5
00
00
B7
B9
00
00
00
BB
00
00
BD
00
00
00
00
00
00
00
00

