01
00
03
05
07
00
09
0B
0D
0F
00
11
00
00
13
00
00
15
00
00
00
00
17
00
19
1B
00
1D
1F
21
23
25
00
00
27
29
2B
00
00
00
00
00
00
2D
2F
31
00
00
33
35
37
00
00
00
39
00
3B
00
3D
3F
00
41
43
45
47
49
00
00
00
4B
4D
00
00
4F
00
00
51
00
00
00
53
55
00
00
57
00
59
00
5B
00
5D
00
5F
00
00
61
00
63
00
65
00
00
67
69
6B
00
00
00
6D
00
6F
71
00
73
00
75
77
79
7B
7D
00
7F
81
00
83
85
00
87
00
89
00
00
00
8B
00
00
00
00
8D
8F
91
00
00
93
95
00
97
00
00
99
9B
9D
00
00
00
00
9F
00
A1
A3
00
00
00
A5
00
A7
00
A9
AB
AD
00
00
00
00
00
00
00
00
00
00
00
00
00
00
00
00
00
00
00
00
00
00
00
00
00

