02
00
04
06
08
0A
00
0C
00
0E
00
10
00
12
00
14
00
16
18
00
00
00
00
00
1A
00
1C
00
1E
20
00
00
22
24
26
28
2A
2C
2E
30
00
32
00
00
00
00
00
34
00
00
00
36
38
3A
00
00
00
00
3C
00
3E
40
42
00
00
00
44
46
48
00
4A
00
4C
4E
50
00
52
54
56
00
00
00
58
5A
00
00
00
5C
00
5E
60
00
62
00
64
66
00
00
68
00
6A
6C
00
00
6E
00
70
72
00
00
74
76
78
00
00
00
7A
7C
7E
80
82
84
00
00
86
00
00
00
00
00
88
8A
00
00
00
00
8C
00
8E
90
92
94
00
96
00
00
00
98
9A
00
9C
00
00
9E
A0
A2
00
A4
A6
00
00
00
00
A8
AA
AC
00
AE
00
00
00
B0
B2
00
00
00
00
00
00
00
00
00
00
00
00
00
00
00
00
00
00
00
00
00
00

