02
04
06
08
0A
0C
0E
10
12
00
14
16
18
1A
1C
1E
20
22
24
26
00
00
00
28
2A
2C
2E
30
00
00
32
34
36
38
3A
00
00
00
00
00
00
00
00
00
00
3C
3E
00
40
42
44
46
48
4A
4C
4E
50
52
54
00
56
58
00
00
5A
5C
00
5E
60
00
62
64
66
68
6A
6C
6E
00
70
72
00
74
00
76
00
00
00
00
78
00
7A
00
00
00
00
00
00
00
00
7C
7E
80
82
00
00
84
00
86
88
8A
8C
8E
90
92
94
00
00
00
00
96
98
9A
9C
00
00
00
00
00
00
9E
A0
00
00
00
00
A2
00
00
A4
00
A6
00
A8
00
00
00
00
00
00
00
00
00
AA
00
00
00
AC
00
00
AE
00
B0
00
00
00
B2
00
00
00
00
00
00
00
00
00
00
00
B4
00
00
00
00
00
00
00
00
00
00
00
00
00
00
00
00
00

