02
00
04
00
06
00
08
0A
00
0C
0E
00
00
00
10
00
12
14
00
16
00
18
00
1A
1C
1E
20
00
00
22
00
00
24
26
00
28
2A
00
00
00
00
00
2C
2E
00
00
30
32
00
34
36
38
00
00
3A
3C
3E
40
42
44
46
00
00
00
48
00
4A
00
00
00
00
00
4C
4E
00
50
00
52
00
00
00
54
00
56
58
00
5A
5C
5E
00
00
60
00
00
00
62
00
00
64
66
68
6A
00
00
6C
00
6E
70
72
00
00
00
00
74
00
00
76
78
00
7A
7C
7E
00
00
80
00
00
82
84
00
86
88
8A
00
00
00
00
8C
8E
90
92
00
94
00
00
00
00
96
98
9A
9C
00
9E
00
00
00
A0
A2
00
00
A4
A6
A8
AA
AC
AE
B0
B2
00
00
B4
00
00
00
B6
00
B8
00
00
00
BA
00
00
00
00
BC
BE
00
00
00
00
00
00
00
00

