01
00
03
05
07
09
00
0B
0D
00
00
00
0F
00
00
11
13
15
00
00
17
00
19
00
00
1B
00
1D
00
1F
21
00
00
00
23
25
00
27
00
29
2B
00
2D
00
2F
00
31
33
00
00
35
37
00
39
00
3B
3D
3F
00
00
00
41
43
45
47
00
00
49
00
00
00
00
00
4B
00
4D
00
4F
00
51
00
53
55
57
59
00
5B
5D
00
5F
00
61
63
00
00
00
00
65
00
67
69
6B
00
6D
00
6F
00
00
00
00
71
00
73
00
75
00
77
00
00
00
79
00
7B
00
7D
7F
81
00
83
85
87
00
89
00
8B
8D
8F
00
00
91
93
00
00
95
97
00
99
9B
00
00
00
9D
00
9F
00
00
00
A1
00
A3
00
A5
A7
00
00
A9
00
AB
AD
00
00
00
00
AF
B1
B3
00
00
00
B5
B7
00
00
00
B9
00
00
00
00
00
00
00
00
00
00

