01
03
00
00
05
00
07
00
09
0B
00
0D
0F
11
13
00
00
00
00
00
15
17
19
1B
00
00
1D
00
1F
21
23
25
00
00
00
00
27
00
29
00
2B
00
2D
2F
31
33
00
35
00
37
39
00
3B
00
00
00
3D
00
00
3F
00
00
41
00
00
43
00
45
00
47
00
49
4B
4D
00
00
00
00
4F
51
53
55
00
57
00
00
59
00
5B
5D
00
5F
61
63
65
00
67
00
69
6B
6D
6F
71
73
00
00
75
00
00
00
00
77
00
79
7B
00
00
7D
7F
00
00
81
00
00
00
83
00
00
00
00
85
87
00
89
00
8B
00
8D
8F
91
00
93
95
00
00
00
00
97
00
00
00
99
9B
00
00
00
9D
9F
A1
00
A3
00
A5
00
00
00
00
00
00
00
00
00
00
00
00
00
00
00
00
00
00
00
00
00
00
00
00
00
00
00
00
00
00
00
00

