01
03
05
07
00
09
0B
00
0D
00
00
00
00
00
0F
11
00
13
00
15
17
00
19
00
1B
00
00
00
1D
1F
21
00
00
00
23
25
27
00
00
29
2B
2D
00
2F
31
33
00
35
00
37
39
00
00
3B
00
00
00
3D
3F
00
00
41
00
00
00
43
45
47
00
00
49
4B
4D
4F
51
53
00
00
55
57
00
00
59
00
5B
00
00
00
00
5D
5F
61
63
00
00
65
67
00
00
69
00
6B
00
00
00
00
00
6D
6F
00
71
73
75
00
00
00
77
79
7B
00
7D
00
00
7F
00
81
83
85
87
00
00
00
89
8B
8D
00
00
00
00
00
8F
91
93
95
97
99
9B
00
9D
00
9F
A1
00
A3
A5
00
A7
00
00
00
00
A9
00
00
00
00
00
00
AB
00
00
AD
AF
00
B1
00
B3
00
00
00
00
00
00
00
00
00
00
00
00
00
00
00
00
00
00

